Target class : 0 
Average nb of queries : 7.52
Accuracy : 1.0
Average norm : 18.358525390625
Original class: [0, 0, 0, 0, 0, 0, 0, 0, 0, 0, 0, 0, 0, 0, 0, 0, 0, 0, 0, 0, 0, 0, 0, 0, 0, 0, 0, 0, 0, 0, 0, 0, 0, 0, 0, 0, 0, 0, 0, 0, 0, 0, 0, 0, 0, 0, 0, 0, 0, 0, 0, 0, 0, 0, 0, 0, 0, 0, 0, 0, 0, 0, 0, 0, 0, 0, 0, 0, 0, 0, 0, 0, 0, 0, 0, 0, 0, 0, 0, 0, 0, 0, 0, 0, 0, 0, 0, 0, 0, 0, 0, 0, 0, 0, 0, 0, 0, 0, 0, 0]
Predicted class : [1, 1, 8, 1, 1, 8, 2, 1, 2, 1, 2, 2, 2, 1, 2, 1, 1, 2, 1, 2, 2, 2, 2, 2, 2, 1, 2, 2, 2, 2, 2, 1, 1, 2, 1, 8, 1, 1, 1, 2, 1, 2, 1, 1, 1, 2, 1, 1, 1, 2, 1, 1, 1, 1, 1, 1, 1, 1, 2, 2, 2, 1, 1, 2, 2, 2, 1, 2, 2, 1, 2, 2, 1, 2, 2, 1, 2, 2, 2, 1, 1, 2, 2, 2, 8, 1, 2, 2, 2, 2, 2, 1, 2, 1, 2, 7, 2, 1, 1, 2]
Performance en généralisation : 0.55

Target class : 1 
Average nb of queries : 94.06
Accuracy : 0.06
Average norm : 14.863201141357422
Original class: [1, 1, 1, 1, 1, 1, 1, 1, 1, 1, 1, 1, 1, 1, 1, 1, 1, 1, 1, 1, 1, 1, 1, 1, 1, 1, 1, 1, 1, 1, 1, 1, 1, 1, 1, 1, 1, 1, 1, 1, 1, 1, 1, 1, 1, 1, 1, 1, 1, 1, 1, 1, 1, 1, 1, 1, 1, 1, 1, 1, 1, 1, 1, 1, 1, 1, 1, 1, 1, 1, 1, 1, 1, 1, 1, 1, 1, 1, 1, 1, 1, 1, 1, 1, 1, 1, 1, 1, 1, 1, 1, 1, 1, 1, 1, 1, 1, 1, 1, 1]
Predicted class : [1, 1, 1, 8, 1, 1, 1, 1, 1, 1, 1, 1, 1, 2, 1, 1, 1, 1, 1, 1, 1, 1, 1, 1, 1, 1, 1, 1, 1, 1, 1, 1, 1, 1, 1, 1, 1, 1, 1, 1, 1, 2, 1, 1, 2, 1, 1, 1, 1, 1, 1, 1, 1, 1, 1, 1, 1, 2, 1, 1, 1, 1, 2, 1, 1, 1, 1, 1, 1, 1, 1, 1, 1, 1, 1, 1, 1, 1, 1, 1, 1, 1, 1, 1, 1, 1, 1, 1, 1, 1, 1, 1, 1, 1, 1, 1, 1, 1, 1, 1]
Performance en généralisation : 0.07

Target class : 2 
Average nb of queries : 13.85
Accuracy : 1.0
Average norm : 17.3963623046875
Original class: [2, 2, 2, 2, 2, 2, 2, 2, 2, 2, 2, 2, 2, 2, 2, 2, 2, 2, 2, 2, 2, 2, 2, 2, 2, 2, 2, 2, 2, 2, 2, 2, 2, 2, 2, 2, 2, 2, 2, 2, 2, 2, 2, 2, 2, 2, 2, 2, 2, 2, 2, 2, 2, 2, 2, 2, 2, 2, 2, 2, 2, 2, 2, 2, 2, 2, 2, 2, 2, 2, 2, 2, 2, 2, 2, 2, 2, 2, 2, 2, 2, 2, 2, 2, 2, 2, 2, 2, 2, 2, 2, 2, 2, 2, 2, 2, 2, 2, 2, 2]
Predicted class : [1, 1, 1, 8, 1, 8, 1, 8, 1, 8, 1, 8, 1, 8, 8, 1, 1, 8, 8, 1, 1, 8, 1, 8, 8, 8, 8, 8, 8, 8, 1, 8, 8, 8, 8, 8, 1, 1, 8, 8, 8, 1, 1, 8, 8, 8, 1, 8, 1, 8, 8, 8, 8, 1, 8, 8, 8, 1, 8, 8, 1, 8, 8, 8, 8, 8, 8, 8, 1, 1, 1, 8, 8, 8, 1, 8, 1, 8, 8, 1, 1, 1, 8, 1, 8, 8, 1, 1, 1, 1, 1, 1, 8, 1, 8, 8, 1, 8, 8, 1]
Performance en généralisation : 0.13

Target class : 3 
Average nb of queries : 11.58
Accuracy : 1.0
Average norm : 17.03334716796875
Original class: [3, 3, 3, 3, 3, 3, 3, 3, 3, 3, 3, 3, 3, 3, 3, 3, 3, 3, 3, 3, 3, 3, 3, 3, 3, 3, 3, 3, 3, 3, 3, 3, 3, 3, 3, 3, 3, 3, 3, 3, 3, 3, 3, 3, 3, 3, 3, 3, 3, 3, 3, 3, 3, 3, 3, 3, 3, 3, 3, 3, 3, 3, 3, 3, 3, 3, 3, 3, 3, 3, 3, 3, 3, 3, 3, 3, 3, 3, 3, 3, 3, 3, 3, 3, 3, 3, 3, 3, 3, 3, 3, 3, 3, 3, 3, 3, 3, 3, 3, 3]
Predicted class : [2, 8, 8, 1, 1, 8, 1, 1, 1, 2, 1, 9, 1, 2, 1, 1, 1, 2, 7, 1, 7, 7, 1, 8, 2, 1, 7, 2, 1, 7, 1, 8, 8, 2, 2, 1, 2, 8, 1, 2, 2, 2, 1, 8, 2, 2, 1, 2, 1, 1, 2, 2, 2, 1, 2, 1, 8, 8, 2, 2, 8, 2, 1, 2, 8, 8, 8, 2, 8, 2, 1, 8, 8, 1, 2, 8, 8, 2, 8, 8, 2, 2, 1, 5, 8, 2, 8, 8, 2, 8, 1, 8, 8, 1, 2, 8, 1, 1, 8, 5]
Performance en généralisation : 0.05

Target class : 4 
Average nb of queries : 1.8
Accuracy : 1.0
Average norm : 19.138111572265625
Original class: [4, 4, 4, 4, 4, 4, 4, 4, 4, 4, 4, 4, 4, 4, 4, 4, 4, 4, 4, 4, 4, 4, 4, 4, 4, 4, 4, 4, 4, 4, 4, 4, 4, 4, 4, 4, 4, 4, 4, 4, 4, 4, 4, 4, 4, 4, 4, 4, 4, 4, 4, 4, 4, 4, 4, 4, 4, 4, 4, 4, 4, 4, 4, 4, 4, 4, 4, 4, 4, 4, 4, 4, 4, 4, 4, 4, 4, 4, 4, 4, 4, 4, 4, 4, 4, 4, 4, 4, 4, 4, 4, 4, 4, 4, 4, 4, 4, 4, 4, 4]
Predicted class : [1, 1, 1, 1, 1, 8, 8, 8, 8, 1, 8, 8, 8, 1, 8, 8, 8, 8, 8, 1, 1, 8, 8, 7, 8, 8, 8, 8, 8, 1, 8, 8, 8, 8, 8, 1, 8, 1, 8, 2, 8, 8, 8, 8, 8, 1, 1, 8, 1, 1, 8, 8, 1, 8, 8, 8, 8, 1, 8, 8, 8, 8, 8, 8, 8, 8, 8, 8, 8, 8, 8, 8, 8, 8, 8, 8, 1, 8, 8, 1, 8, 8, 8, 1, 8, 8, 8, 8, 8, 8, 8, 8, 8, 8, 8, 8, 8, 8, 8, 8]
Performance en généralisation : 0.86

Target class : 5 
Average nb of queries : 1.96
Accuracy : 1.0
Average norm : 19.1238330078125
Original class: [5, 5, 5, 5, 5, 5, 5, 5, 5, 5, 5, 5, 5, 5, 5, 5, 5, 5, 5, 5, 5, 5, 5, 5, 5, 5, 5, 5, 5, 5, 5, 5, 5, 5, 5, 5, 5, 5, 5, 5, 5, 5, 5, 5, 5, 5, 5, 5, 5, 5, 5, 5, 5, 5, 5, 5, 5, 5, 5, 5, 5, 5, 5, 5, 5, 5, 5, 5, 5, 5, 5, 5, 5, 5, 5, 5, 5, 5, 5, 5, 5, 5, 5, 5, 5, 5, 5, 5, 5, 5, 5, 5, 5, 5, 5, 5, 5, 5, 5, 5]
Predicted class : [8, 8, 8, 0, 8, 0, 0, 8, 8, 8, 8, 8, 8, 8, 8, 8, 8, 8, 8, 8, 0, 1, 8, 8, 8, 8, 8, 8, 8, 8, 8, 8, 8, 8, 2, 2, 8, 8, 2, 8, 8, 2, 8, 8, 2, 8, 2, 8, 8, 8, 8, 1, 8, 8, 8, 8, 8, 8, 8, 8, 8, 8, 2, 8, 8, 8, 8, 8, 8, 8, 8, 8, 8, 8, 8, 8, 8, 8, 8, 8, 8, 8, 1, 8, 8, 8, 8, 8, 8, 8, 8, 8, 8, 8, 8, 8, 8, 8, 8, 8]
Performance en généralisation : 0.75

Target class : 6 
Average nb of queries : 19.57
Accuracy : 1.0
Average norm : 16.978074951171877
Original class: [6, 6, 6, 6, 6, 6, 6, 6, 6, 6, 6, 6, 6, 6, 6, 6, 6, 6, 6, 6, 6, 6, 6, 6, 6, 6, 6, 6, 6, 6, 6, 6, 6, 6, 6, 6, 6, 6, 6, 6, 6, 6, 6, 6, 6, 6, 6, 6, 6, 6, 6, 6, 6, 6, 6, 6, 6, 6, 6, 6, 6, 6, 6, 6, 6, 6, 6, 6, 6, 6, 6, 6, 6, 6, 6, 6, 6, 6, 6, 6, 6, 6, 6, 6, 6, 6, 6, 6, 6, 6, 6, 6, 6, 6, 6, 6, 6, 6, 6, 6]
Predicted class : [1, 1, 8, 1, 1, 1, 1, 1, 1, 1, 1, 1, 1, 1, 1, 1, 5, 1, 1, 1, 8, 1, 1, 1, 1, 1, 1, 1, 1, 1, 1, 1, 8, 1, 8, 1, 1, 1, 1, 1, 1, 1, 8, 8, 8, 1, 1, 1, 8, 1, 1, 1, 8, 1, 1, 1, 1, 8, 1, 0, 1, 1, 1, 8, 8, 1, 1, 8, 1, 1, 1, 1, 8, 8, 1, 1, 8, 0, 8, 0, 1, 8, 1, 1, 1, 1, 8, 8, 2, 8, 1, 1, 1, 1, 1, 1, 1, 8, 8, 5]
Performance en généralisation : 0.06

Target class : 7 
Average nb of queries : 6.28
Accuracy : 1.0
Average norm : 17.659437255859373
Original class: [7, 7, 7, 7, 7, 7, 7, 7, 7, 7, 7, 7, 7, 7, 7, 7, 7, 7, 7, 7, 7, 7, 7, 7, 7, 7, 7, 7, 7, 7, 7, 7, 7, 7, 7, 7, 7, 7, 7, 7, 7, 7, 7, 7, 7, 7, 7, 7, 7, 7, 7, 7, 7, 7, 7, 7, 7, 7, 7, 7, 7, 7, 7, 7, 7, 7, 7, 7, 7, 7, 7, 7, 7, 7, 7, 7, 7, 7, 7, 7, 7, 7, 7, 7, 7, 7, 7, 7, 7, 7, 7, 7, 7, 7, 7, 7, 7, 7, 7, 7]
Predicted class : [1, 8, 1, 1, 1, 1, 1, 1, 8, 1, 8, 8, 1, 8, 8, 8, 2, 0, 1, 8, 1, 5, 8, 5, 8, 8, 8, 1, 8, 1, 8, 8, 8, 8, 8, 5, 8, 4, 8, 8, 8, 1, 8, 8, 8, 8, 8, 8, 8, 8, 8, 8, 8, 8, 9, 1, 8, 8, 8, 9, 3, 2, 8, 1, 2, 8, 1, 8, 8, 8, 8, 8, 8, 8, 1, 8, 8, 8, 8, 8, 8, 8, 1, 1, 2, 5, 8, 1, 1, 8, 8, 1, 1, 1, 1, 8, 1, 9, 8, 1]
Performance en généralisation : 0.12

Target class : 8 
Average nb of queries : 23.72
Accuracy : 1.0
Average norm : 20.42662353515625
Original class: [8, 8, 8, 8, 8, 8, 8, 8, 8, 8, 8, 8, 8, 8, 8, 8, 8, 8, 8, 8, 8, 8, 8, 8, 8, 8, 8, 8, 8, 8, 8, 8, 8, 8, 8, 8, 8, 8, 8, 8, 8, 8, 8, 8, 8, 8, 8, 8, 8, 8, 8, 8, 8, 8, 8, 8, 8, 8, 8, 8, 8, 8, 8, 8, 8, 8, 8, 8, 8, 8, 8, 8, 8, 8, 8, 8, 8, 8, 8, 8, 8, 8, 8, 8, 8, 8, 8, 8, 8, 8, 8, 8, 8, 8, 8, 8, 8, 8, 8, 8]
Predicted class : [1, 1, 1, 1, 1, 1, 1, 1, 1, 1, 1, 1, 1, 1, 1, 1, 1, 1, 1, 4, 1, 1, 1, 1, 1, 1, 3, 1, 1, 1, 1, 1, 1, 1, 1, 1, 1, 1, 6, 1, 1, 1, 1, 1, 1, 1, 1, 1, 1, 1, 1, 1, 1, 1, 1, 1, 1, 1, 1, 1, 1, 1, 1, 1, 1, 1, 1, 1, 1, 1, 1, 1, 1, 1, 1, 1, 1, 1, 1, 1, 1, 1, 1, 1, 1, 1, 1, 1, 1, 1, 1, 1, 1, 1, 1, 1, 1, 1, 1, 1]
Performance en généralisation : 0.17

Target class : 9 
Average nb of queries : 18.74
Accuracy : 1.0
Average norm : 16.7384765625
Original class: [9, 9, 9, 9, 9, 9, 9, 9, 9, 9, 9, 9, 9, 9, 9, 9, 9, 9, 9, 9, 9, 9, 9, 9, 9, 9, 9, 9, 9, 9, 9, 9, 9, 9, 9, 9, 9, 9, 9, 9, 9, 9, 9, 9, 9, 9, 9, 9, 9, 9, 9, 9, 9, 9, 9, 9, 9, 9, 9, 9, 9, 9, 9, 9, 9, 9, 9, 9, 9, 9, 9, 9, 9, 9, 9, 9, 9, 9, 9, 9, 9, 9, 9, 9, 9, 9, 9, 9, 9, 9, 9, 9, 9, 9, 9, 9, 9, 9, 9, 9]
Predicted class : [8, 8, 8, 4, 8, 8, 8, 8, 8, 8, 8, 4, 8, 1, 8, 8, 8, 8, 5, 8, 8, 1, 8, 8, 1, 8, 8, 8, 8, 8, 1, 8, 8, 8, 1, 8, 8, 8, 8, 8, 0, 8, 8, 8, 8, 8, 1, 8, 8, 8, 8, 8, 8, 8, 8, 8, 8, 8, 8, 8, 1, 8, 8, 8, 8, 8, 8, 1, 8, 8, 8, 8, 8, 8, 8, 8, 1, 8, 8, 8, 8, 8, 8, 8, 8, 8, 8, 8, 1, 8, 8, 8, 8, 8, 8, 8, 8, 8, 8, 8]
Performance en généralisation : 0.19

