target class : 0 
Average nb of queries : 5.54
Accuracy : 1.0
Average norm : 14.282801513671876
Original class: [1, 5, 3, 5, 4, 9, 2, 6, 6, 7, 7, 9, 3, 9, 3, 9, 3, 5, 5, 5, 1, 7, 4, 4, 3, 3, 9, 1, 3, 1, 6, 9, 5, 2, 6, 8, 4, 9, 5, 4, 3, 1, 2, 3, 7, 3, 2, 1, 8, 6, 8, 4, 2, 1, 6, 3, 7, 1, 3, 1, 5, 1, 8, 9, 7, 9, 9, 8, 7, 4, 3, 8, 4, 2, 8, 4, 9, 4, 9, 8, 3, 4, 2, 1, 1, 2, 6, 5, 7, 8, 6, 3, 1, 7, 7, 8, 5, 6, 3, 1]
Predicted class : [0, 0, 0, 0, 9, 0, 0, 0, 0, 2, 2, 7, 0, 0, 5, 8, 2, 8, 0, 0, 2, 0, 2, 2, 5, 2, 7, 2, 2, 2, 0, 8, 3, 0, 0, 2, 2, 8, 2, 2, 2, 7, 0, 2, 2, 2, 0, 7, 2, 0, 2, 2, 0, 2, 2, 0, 2, 7, 2, 2, 0, 2, 0, 7, 0, 8, 7, 2, 0, 2, 5, 2, 8, 0, 0, 2, 8, 8, 2, 2, 0, 2, 0, 2, 8, 0, 2, 8, 2, 0, 2, 0, 2, 0, 2, 2, 0, 0, 8, 2]
Performance en généralisation : 0.54
Number of predictions equal to 0 : 35

target class : 1 
Average nb of queries : 11.21
Accuracy : 1.0
Average norm : 11.51386474609375
Original class: [6, 5, 2, 6, 6, 8, 9, 5, 5, 8, 4, 6, 4, 0, 9, 3, 0, 3, 3, 5, 6, 3, 8, 2, 7, 7, 8, 5, 3, 9, 2, 3, 3, 9, 2, 4, 8, 7, 7, 9, 9, 5, 5, 9, 9, 7, 5, 3, 7, 8, 6, 9, 4, 4, 3, 6, 7, 8, 9, 0, 3, 7, 0, 4, 6, 0, 3, 3, 3, 4, 4, 5, 3, 4, 3, 2, 6, 7, 5, 9, 2, 3, 2, 6, 7, 7, 7, 7, 3, 0, 6, 3, 2, 3, 7, 0, 4, 7, 3, 8]
Predicted class : [1, 1, 1, 1, 1, 1, 1, 1, 8, 1, 1, 8, 9, 6, 1, 1, 1, 1, 1, 1, 1, 1, 1, 1, 1, 9, 1, 1, 1, 5, 1, 1, 1, 1, 1, 7, 1, 1, 1, 1, 7, 1, 3, 1, 1, 1, 3, 1, 1, 1, 2, 1, 1, 8, 1, 2, 1, 7, 1, 1, 2, 1, 2, 1, 2, 2, 1, 1, 1, 1, 1, 1, 2, 7, 1, 1, 1, 1, 1, 1, 1, 1, 1, 1, 1, 1, 1, 1, 7, 2, 8, 1, 1, 1, 1, 2, 2, 1, 2, 1]
Performance en généralisation : 0.16
Number of predictions equal to 1 : 74

target class : 2 
Average nb of queries : 10.02
Accuracy : 1.0
Average norm : 13.662200927734375
Original class: [1, 5, 1, 6, 3, 5, 9, 7, 5, 0, 5, 7, 0, 8, 6, 6, 3, 9, 7, 1, 1, 1, 9, 7, 4, 6, 1, 5, 0, 4, 9, 8, 7, 9, 5, 4, 0, 1, 8, 1, 0, 0, 8, 6, 0, 1, 1, 9, 1, 8, 7, 6, 4, 5, 6, 0, 4, 6, 6, 5, 0, 6, 9, 7, 4, 6, 9, 9, 0, 0, 9, 7, 5, 0, 8, 3, 8, 0, 5, 1, 9, 3, 9, 3, 7, 5, 4, 6, 6, 8, 7, 8, 5, 6, 1, 8, 4, 1, 7, 9]
Predicted class : [2, 8, 2, 2, 2, 8, 8, 2, 3, 3, 6, 3, 3, 2, 3, 3, 2, 8, 2, 2, 2, 2, 2, 2, 6, 2, 2, 6, 2, 2, 2, 2, 2, 2, 6, 2, 2, 2, 5, 2, 6, 2, 2, 2, 2, 2, 8, 7, 2, 2, 2, 2, 2, 0, 2, 2, 2, 2, 4, 8, 2, 2, 8, 2, 6, 2, 0, 2, 2, 2, 2, 2, 2, 2, 2, 2, 2, 2, 8, 8, 0, 2, 8, 2, 2, 8, 2, 2, 2, 2, 2, 2, 8, 2, 2, 2, 2, 2, 2, 2]
Performance en généralisation : 0.37
Number of predictions equal to 2 : 70

target class : 3 
Average nb of queries : 7.58
Accuracy : 1.0
Average norm : 13.44633544921875
Original class: [1, 1, 0, 4, 9, 1, 1, 8, 2, 6, 2, 2, 8, 5, 4, 0, 2, 0, 7, 1, 4, 6, 6, 8, 0, 9, 9, 1, 9, 0, 2, 9, 1, 0, 6, 0, 2, 9, 0, 5, 0, 1, 9, 0, 9, 1, 5, 6, 0, 6, 8, 0, 0, 6, 7, 5, 6, 5, 0, 1, 0, 4, 5, 4, 8, 4, 7, 5, 9, 0, 2, 8, 9, 2, 0, 4, 8, 0, 7, 1, 8, 4, 4, 0, 2, 6, 5, 6, 5, 6, 8, 4, 7, 5, 9, 7, 9, 6, 9, 2]
Predicted class : [3, 3, 3, 3, 3, 3, 2, 3, 3, 4, 3, 3, 3, 3, 8, 4, 3, 9, 3, 3, 3, 4, 4, 9, 9, 3, 3, 3, 3, 3, 3, 3, 3, 7, 3, 4, 8, 3, 9, 3, 9, 8, 3, 1, 3, 3, 9, 1, 3, 5, 9, 9, 3, 1, 3, 3, 1, 3, 9, 3, 3, 2, 3, 3, 2, 3, 3, 3, 3, 9, 3, 3, 3, 3, 3, 9, 3, 9, 9, 3, 5, 9, 8, 5, 3, 4, 3, 4, 8, 1, 5, 3, 9, 3, 3, 3, 3, 4, 3, 3]
Performance en généralisation : 0.26
Number of predictions equal to 3 : 59

target class : 4 
Average nb of queries : 10.59
Accuracy : 1.0
Average norm : 13.696290283203124
Original class: [1, 8, 2, 1, 3, 1, 1, 7, 1, 1, 9, 9, 6, 3, 2, 1, 8, 2, 5, 3, 8, 8, 6, 8, 6, 0, 3, 9, 8, 7, 2, 3, 5, 1, 2, 9, 8, 1, 5, 0, 2, 9, 5, 5, 8, 6, 7, 7, 1, 7, 1, 8, 6, 9, 3, 7, 8, 0, 3, 9, 9, 7, 7, 0, 1, 7, 9, 7, 1, 2, 3, 9, 1, 2, 0, 3, 2, 7, 5, 8, 7, 1, 6, 9, 9, 9, 7, 5, 1, 0, 2, 1, 8, 1, 6, 1, 6, 9, 9, 5]
Predicted class : [4, 4, 8, 4, 2, 4, 4, 1, 4, 4, 4, 4, 4, 8, 6, 4, 9, 1, 4, 5, 4, 1, 4, 4, 4, 1, 8, 4, 0, 9, 4, 5, 4, 4, 1, 4, 1, 4, 4, 1, 8, 4, 8, 4, 4, 4, 4, 4, 4, 4, 4, 1, 4, 4, 5, 4, 1, 7, 0, 4, 4, 1, 4, 7, 4, 4, 5, 4, 4, 1, 8, 4, 4, 0, 4, 5, 1, 8, 4, 1, 4, 4, 4, 4, 4, 4, 4, 8, 4, 4, 8, 4, 4, 4, 4, 4, 4, 4, 4, 4]
Performance en généralisation : 0.16
Number of predictions equal to 4 : 64

target class : 5 
Average nb of queries : 8.62
Accuracy : 1.0
Average norm : 13.05235107421875
Original class: [1, 0, 7, 3, 1, 1, 8, 4, 1, 4, 0, 2, 4, 1, 0, 0, 6, 9, 7, 7, 3, 0, 0, 1, 6, 9, 0, 7, 4, 6, 6, 6, 0, 1, 2, 3, 1, 0, 1, 4, 3, 9, 7, 0, 3, 9, 7, 0, 7, 0, 0, 2, 2, 8, 1, 4, 3, 3, 8, 0, 8, 9, 4, 8, 3, 3, 1, 4, 2, 7, 1, 9, 6, 3, 6, 9, 3, 1, 0, 3, 2, 7, 3, 4, 7, 6, 0, 4, 8, 0, 7, 4, 3, 2, 4, 0, 7, 3, 0, 7]
Predicted class : [5, 5, 3, 5, 5, 5, 5, 8, 8, 8, 8, 8, 2, 5, 5, 5, 8, 5, 1, 5, 5, 8, 5, 8, 5, 5, 5, 5, 8, 5, 5, 5, 8, 8, 8, 5, 5, 5, 5, 1, 9, 5, 5, 5, 5, 5, 0, 5, 9, 5, 5, 5, 8, 5, 8, 5, 5, 5, 5, 5, 5, 5, 5, 5, 5, 8, 5, 8, 8, 5, 8, 5, 5, 5, 5, 1, 5, 5, 5, 5, 8, 9, 5, 6, 8, 1, 6, 5, 5, 5, 9, 5, 5, 8, 9, 5, 9, 5, 5, 9]
Performance en généralisation : 0.17
Number of predictions equal to 5 : 63

target class : 6 
Average nb of queries : 9.82
Accuracy : 1.0
Average norm : 14.37894287109375
Original class: [1, 7, 5, 5, 9, 8, 8, 1, 2, 4, 9, 0, 7, 0, 1, 5, 1, 2, 1, 1, 9, 9, 7, 2, 1, 0, 1, 2, 5, 7, 8, 8, 4, 4, 5, 9, 3, 7, 1, 0, 1, 7, 9, 0, 9, 9, 1, 7, 1, 1, 2, 1, 2, 9, 1, 8, 2, 7, 2, 1, 5, 7, 3, 7, 7, 3, 7, 8, 8, 4, 1, 0, 7, 4, 2, 7, 8, 4, 0, 0, 5, 9, 3, 4, 0, 8, 9, 9, 9, 3, 2, 7, 5, 0, 1, 7, 3, 2, 0, 4]
Predicted class : [6, 2, 8, 6, 6, 6, 2, 6, 6, 7, 2, 6, 3, 2, 2, 3, 2, 6, 2, 2, 2, 8, 0, 6, 2, 7, 2, 8, 6, 2, 2, 3, 7, 2, 6, 2, 2, 2, 2, 2, 2, 2, 3, 2, 2, 8, 2, 4, 2, 2, 6, 2, 6, 3, 2, 3, 6, 9, 6, 2, 6, 2, 2, 0, 0, 2, 2, 6, 6, 6, 2, 6, 6, 2, 6, 9, 2, 2, 6, 6, 6, 4, 5, 6, 6, 6, 0, 4, 1, 2, 6, 3, 6, 6, 2, 2, 5, 4, 6, 6]
Performance en généralisation : 0.32
Number of predictions equal to 6 : 33

target class : 7 
Average nb of queries : 9.19
Accuracy : 1.0
Average norm : 14.226375732421875
Original class: [1, 2, 4, 0, 9, 2, 4, 9, 1, 8, 6, 5, 3, 4, 8, 3, 1, 9, 0, 1, 1, 5, 0, 3, 2, 8, 0, 8, 6, 1, 2, 0, 2, 3, 0, 0, 6, 3, 9, 0, 2, 8, 4, 4, 5, 8, 2, 3, 1, 5, 4, 4, 9, 0, 9, 3, 5, 3, 0, 9, 3, 5, 5, 5, 8, 2, 2, 6, 5, 3, 1, 3, 6, 6, 0, 5, 8, 1, 1, 4, 9, 2, 8, 4, 3, 3, 5, 8, 0, 0, 1, 0, 4, 6, 5, 3, 1, 2, 2, 3]
Predicted class : [7, 7, 7, 2, 7, 7, 9, 7, 7, 9, 0, 9, 9, 9, 7, 7, 7, 7, 7, 7, 7, 9, 7, 9, 7, 9, 7, 7, 3, 7, 3, 7, 8, 9, 7, 7, 8, 9, 7, 7, 3, 9, 7, 9, 9, 7, 7, 9, 7, 3, 7, 7, 7, 7, 7, 7, 9, 9, 7, 7, 9, 9, 3, 3, 9, 7, 7, 8, 9, 7, 9, 7, 8, 8, 7, 9, 4, 7, 9, 9, 7, 7, 7, 9, 7, 7, 9, 9, 7, 7, 7, 7, 7, 0, 3, 9, 7, 7, 8, 7]
Performance en généralisation : 0.37
Number of predictions equal to 7 : 55

target class : 8 
Average nb of queries : 5.3
Accuracy : 1.0
Average norm : 14.491309814453125
Original class: [1, 6, 5, 9, 7, 0, 1, 1, 6, 2, 4, 9, 4, 5, 4, 1, 7, 6, 1, 7, 3, 4, 4, 7, 0, 9, 1, 4, 6, 7, 0, 3, 7, 3, 7, 0, 7, 3, 6, 5, 7, 5, 3, 6, 1, 2, 4, 7, 3, 1, 5, 6, 6, 4, 2, 4, 1, 0, 4, 4, 3, 6, 7, 2, 4, 3, 0, 0, 1, 1, 0, 7, 9, 1, 0, 2, 3, 7, 1, 0, 1, 0, 3, 3, 0, 3, 6, 9, 1, 7, 5, 5, 6, 5, 2, 4, 0, 0, 9, 4]
Predicted class : [8, 8, 3, 8, 8, 8, 8, 8, 5, 3, 8, 8, 8, 8, 8, 8, 1, 8, 8, 8, 8, 8, 8, 8, 8, 8, 8, 8, 3, 8, 8, 8, 8, 8, 8, 2, 8, 8, 4, 8, 8, 8, 2, 8, 8, 8, 8, 8, 8, 8, 8, 8, 8, 8, 8, 8, 2, 8, 8, 8, 8, 8, 8, 8, 8, 8, 8, 8, 8, 8, 2, 3, 8, 8, 8, 8, 8, 2, 8, 8, 8, 8, 5, 8, 8, 8, 8, 8, 8, 9, 8, 8, 8, 8, 8, 8, 8, 8, 8, 8]
Performance en généralisation : 0.57
Number of predictions equal to 8 : 86

target class : 9 
Average nb of queries : 13.0
Accuracy : 1.0
Average norm : 13.66820556640625
Original class: [1, 0, 6, 5, 2, 3, 0, 0, 1, 7, 8, 1, 5, 2, 7, 1, 3, 5, 2, 7, 8, 1, 0, 2, 8, 2, 5, 5, 0, 2, 4, 5, 1, 7, 3, 0, 2, 3, 2, 4, 4, 8, 6, 7, 4, 0, 2, 7, 8, 0, 0, 3, 7, 3, 1, 1, 7, 2, 7, 1, 5, 4, 6, 6, 7, 0, 1, 3, 4, 0, 0, 1, 5, 0, 6, 2, 8, 2, 3, 8, 8, 7, 5, 6, 3, 8, 0, 4, 3, 0, 7, 4, 0, 1, 2, 3, 8, 7, 7, 4]
Predicted class : [9, 9, 8, 9, 7, 9, 7, 5, 7, 9, 7, 7, 9, 8, 9, 7, 9, 9, 8, 9, 7, 7, 7, 8, 7, 8, 9, 9, 9, 8, 9, 9, 4, 9, 9, 7, 8, 8, 8, 9, 9, 9, 0, 9, 9, 7, 7, 9, 7, 8, 9, 7, 9, 9, 7, 7, 9, 8, 8, 7, 3, 9, 8, 0, 9, 7, 7, 9, 9, 7, 7, 7, 9, 7, 0, 3, 7, 8, 9, 7, 9, 8, 9, 7, 8, 9, 7, 9, 9, 7, 8, 7, 8, 7, 8, 8, 7, 9, 9, 7]
Performance en généralisation : 0.32
Number of predictions equal to 9 : 40

