Target class : 0 
Average nb of queries : 11.65
Accuracy : 1.0
Average norm : 17.66081298828125
Original class: [0, 0, 0, 0, 0, 0, 0, 0, 0, 0, 0, 0, 0, 0, 0, 0, 0, 0, 0, 0, 0, 0, 0, 0, 0, 0, 0, 0, 0, 0, 0, 0, 0, 0, 0, 0, 0, 0, 0, 0, 0, 0, 0, 0, 0, 0, 0, 0, 0, 0, 0, 0, 0, 0, 0, 0, 0, 0, 0, 0, 0, 0, 0, 0, 0, 0, 0, 0, 0, 0, 0, 0, 0, 0, 0, 0, 0, 0, 0, 0, 0, 0, 0, 0, 0, 0, 0, 0, 0, 0, 0, 0, 0, 0, 0, 0, 0, 0, 0, 0]
Predicted class : [1, 1, 8, 1, 1, 2, 8, 8, 2, 2, 2, 2, 2, 2, 2, 2, 8, 8, 1, 2, 1, 2, 2, 8, 1, 1, 2, 2, 3, 2, 1, 8, 2, 1, 2, 1, 1, 8, 8, 2, 1, 1, 2, 1, 2, 1, 2, 1, 2, 2, 1, 8, 1, 2, 1, 2, 2, 8, 1, 2, 2, 1, 8, 8, 8, 8, 2, 2, 1, 2, 3, 1, 2, 2, 2, 1, 1, 2, 1, 8, 8, 1, 1, 2, 2, 1, 2, 2, 1, 1, 1, 2, 1, 1, 1, 2, 1, 2, 8, 1]
Performance en généralisation : 0.59

Target class : 1 
Average nb of queries : 95.63
Accuracy : 0.05
Average norm : 13.234767150878906
Original class: [1, 1, 1, 1, 1, 1, 1, 1, 1, 1, 1, 1, 1, 1, 1, 1, 1, 1, 1, 1, 1, 1, 1, 1, 1, 1, 1, 1, 1, 1, 1, 1, 1, 1, 1, 1, 1, 1, 1, 1, 1, 1, 1, 1, 1, 1, 1, 1, 1, 1, 1, 1, 1, 1, 1, 1, 1, 1, 1, 1, 1, 1, 1, 1, 1, 1, 1, 1, 1, 1, 1, 1, 1, 1, 1, 1, 1, 1, 1, 1, 1, 1, 1, 1, 1, 1, 1, 1, 1, 1, 1, 1, 1, 1, 1, 1, 1, 1, 1, 1]
Predicted class : [1, 1, 1, 1, 1, 1, 1, 1, 1, 1, 1, 1, 1, 8, 8, 1, 1, 1, 1, 1, 1, 1, 1, 1, 1, 1, 1, 8, 1, 1, 1, 1, 1, 1, 1, 1, 1, 1, 1, 1, 1, 1, 1, 1, 1, 1, 1, 1, 1, 8, 1, 1, 1, 1, 1, 1, 1, 1, 1, 1, 1, 1, 1, 1, 1, 1, 1, 1, 1, 9, 1, 1, 1, 1, 1, 1, 1, 1, 1, 1, 1, 1, 1, 1, 1, 1, 1, 1, 1, 1, 1, 1, 1, 1, 1, 1, 1, 1, 1, 1]
Performance en généralisation : 0.03

Target class : 2 
Average nb of queries : 9.15
Accuracy : 1.0
Average norm : 17.45085205078125
Original class: [2, 2, 2, 2, 2, 2, 2, 2, 2, 2, 2, 2, 2, 2, 2, 2, 2, 2, 2, 2, 2, 2, 2, 2, 2, 2, 2, 2, 2, 2, 2, 2, 2, 2, 2, 2, 2, 2, 2, 2, 2, 2, 2, 2, 2, 2, 2, 2, 2, 2, 2, 2, 2, 2, 2, 2, 2, 2, 2, 2, 2, 2, 2, 2, 2, 2, 2, 2, 2, 2, 2, 2, 2, 2, 2, 2, 2, 2, 2, 2, 2, 2, 2, 2, 2, 2, 2, 2, 2, 2, 2, 2, 2, 2, 2, 2, 2, 2, 2, 2]
Predicted class : [1, 1, 8, 1, 8, 1, 1, 8, 8, 8, 8, 8, 1, 1, 8, 1, 1, 8, 1, 1, 8, 8, 1, 1, 8, 1, 8, 1, 1, 1, 8, 1, 8, 8, 1, 8, 1, 8, 7, 1, 8, 8, 8, 1, 8, 8, 8, 1, 8, 8, 1, 1, 1, 8, 1, 1, 1, 1, 1, 8, 1, 8, 1, 8, 8, 1, 8, 8, 1, 1, 1, 8, 1, 1, 8, 1, 1, 8, 1, 8, 8, 8, 8, 1, 8, 8, 8, 8, 8, 1, 8, 1, 1, 1, 8, 8, 8, 8, 1, 8]
Performance en généralisation : 0.4

Target class : 3 
Average nb of queries : 4.66
Accuracy : 1.0
Average norm : 16.820517578125
Original class: [3, 3, 3, 3, 3, 3, 3, 3, 3, 3, 3, 3, 3, 3, 3, 3, 3, 3, 3, 3, 3, 3, 3, 3, 3, 3, 3, 3, 3, 3, 3, 3, 3, 3, 3, 3, 3, 3, 3, 3, 3, 3, 3, 3, 3, 3, 3, 3, 3, 3, 3, 3, 3, 3, 3, 3, 3, 3, 3, 3, 3, 3, 3, 3, 3, 3, 3, 3, 3, 3, 3, 3, 3, 3, 3, 3, 3, 3, 3, 3, 3, 3, 3, 3, 3, 3, 3, 3, 3, 3, 3, 3, 3, 3, 3, 3, 3, 3, 3, 3]
Predicted class : [2, 8, 1, 1, 1, 5, 1, 1, 1, 2, 1, 7, 1, 8, 1, 9, 5, 1, 0, 5, 8, 1, 7, 1, 8, 8, 5, 9, 9, 9, 8, 9, 1, 1, 1, 1, 1, 5, 5, 5, 8, 1, 9, 7, 8, 5, 1, 7, 9, 1, 7, 2, 1, 1, 8, 1, 5, 8, 5, 9, 1, 1, 7, 9, 9, 2, 2, 1, 5, 5, 9, 9, 5, 9, 1, 2, 9, 5, 1, 9, 0, 1, 9, 1, 1, 5, 2, 5, 9, 1, 8, 2, 1, 1, 7, 8, 1, 8, 8, 9]
Performance en généralisation : 0.49

Target class : 4 
Average nb of queries : 18.41
Accuracy : 1.0
Average norm : 16.404061279296876
Original class: [4, 4, 4, 4, 4, 4, 4, 4, 4, 4, 4, 4, 4, 4, 4, 4, 4, 4, 4, 4, 4, 4, 4, 4, 4, 4, 4, 4, 4, 4, 4, 4, 4, 4, 4, 4, 4, 4, 4, 4, 4, 4, 4, 4, 4, 4, 4, 4, 4, 4, 4, 4, 4, 4, 4, 4, 4, 4, 4, 4, 4, 4, 4, 4, 4, 4, 4, 4, 4, 4, 4, 4, 4, 4, 4, 4, 4, 4, 4, 4, 4, 4, 4, 4, 4, 4, 4, 4, 4, 4, 4, 4, 4, 4, 4, 4, 4, 4, 4, 4]
Predicted class : [1, 1, 8, 9, 1, 1, 1, 1, 1, 8, 1, 1, 1, 1, 1, 1, 1, 8, 1, 1, 9, 1, 1, 1, 1, 1, 8, 1, 1, 8, 1, 1, 1, 1, 9, 1, 1, 1, 8, 1, 1, 8, 1, 8, 1, 1, 1, 1, 1, 1, 9, 1, 1, 1, 1, 1, 1, 1, 1, 1, 8, 1, 1, 1, 8, 9, 9, 1, 1, 9, 8, 9, 8, 1, 8, 1, 1, 1, 1, 8, 2, 1, 1, 1, 8, 8, 1, 9, 6, 1, 1, 8, 1, 1, 8, 1, 7, 0, 1, 8]
Performance en généralisation : 0.12

Target class : 5 
Average nb of queries : 19.11
Accuracy : 1.0
Average norm : 16.76185302734375
Original class: [5, 5, 5, 5, 5, 5, 5, 5, 5, 5, 5, 5, 5, 5, 5, 5, 5, 5, 5, 5, 5, 5, 5, 5, 5, 5, 5, 5, 5, 5, 5, 5, 5, 5, 5, 5, 5, 5, 5, 5, 5, 5, 5, 5, 5, 5, 5, 5, 5, 5, 5, 5, 5, 5, 5, 5, 5, 5, 5, 5, 5, 5, 5, 5, 5, 5, 5, 5, 5, 5, 5, 5, 5, 5, 5, 5, 5, 5, 5, 5, 5, 5, 5, 5, 5, 5, 5, 5, 5, 5, 5, 5, 5, 5, 5, 5, 5, 5, 5, 5]
Predicted class : [8, 8, 8, 8, 8, 8, 8, 0, 8, 1, 0, 8, 8, 8, 1, 8, 8, 8, 8, 1, 8, 3, 8, 8, 8, 8, 8, 8, 8, 4, 8, 0, 8, 8, 8, 8, 8, 8, 6, 8, 8, 1, 0, 8, 8, 8, 1, 8, 0, 8, 8, 0, 8, 8, 8, 8, 8, 8, 8, 8, 8, 8, 0, 8, 8, 8, 8, 8, 8, 8, 8, 1, 8, 8, 8, 8, 8, 8, 8, 8, 8, 1, 1, 8, 8, 1, 8, 8, 8, 0, 8, 8, 8, 8, 0, 8, 8, 1, 8, 8]
Performance en généralisation : 0.06

Target class : 6 
Average nb of queries : 18.55
Accuracy : 1.0
Average norm : 16.454791259765624
Original class: [6, 6, 6, 6, 6, 6, 6, 6, 6, 6, 6, 6, 6, 6, 6, 6, 6, 6, 6, 6, 6, 6, 6, 6, 6, 6, 6, 6, 6, 6, 6, 6, 6, 6, 6, 6, 6, 6, 6, 6, 6, 6, 6, 6, 6, 6, 6, 6, 6, 6, 6, 6, 6, 6, 6, 6, 6, 6, 6, 6, 6, 6, 6, 6, 6, 6, 6, 6, 6, 6, 6, 6, 6, 6, 6, 6, 6, 6, 6, 6, 6, 6, 6, 6, 6, 6, 6, 6, 6, 6, 6, 6, 6, 6, 6, 6, 6, 6, 6, 6]
Predicted class : [8, 1, 1, 8, 1, 8, 1, 1, 1, 1, 1, 5, 0, 1, 1, 8, 1, 1, 2, 1, 1, 1, 1, 8, 8, 8, 1, 0, 1, 1, 1, 5, 1, 1, 1, 1, 1, 1, 8, 1, 1, 0, 8, 1, 8, 1, 1, 1, 8, 1, 8, 1, 1, 1, 1, 1, 8, 1, 1, 1, 1, 1, 1, 1, 1, 1, 1, 1, 8, 1, 8, 1, 1, 1, 8, 1, 8, 1, 0, 8, 1, 0, 1, 1, 8, 1, 1, 1, 8, 1, 1, 1, 8, 1, 8, 1, 5, 1, 1, 1]
Performance en généralisation : 0.1

Target class : 7 
Average nb of queries : 9.1
Accuracy : 1.0
Average norm : 16.332646484375
Original class: [7, 7, 7, 7, 7, 7, 7, 7, 7, 7, 7, 7, 7, 7, 7, 7, 7, 7, 7, 7, 7, 7, 7, 7, 7, 7, 7, 7, 7, 7, 7, 7, 7, 7, 7, 7, 7, 7, 7, 7, 7, 7, 7, 7, 7, 7, 7, 7, 7, 7, 7, 7, 7, 7, 7, 7, 7, 7, 7, 7, 7, 7, 7, 7, 7, 7, 7, 7, 7, 7, 7, 7, 7, 7, 7, 7, 7, 7, 7, 7, 7, 7, 7, 7, 7, 7, 7, 7, 7, 7, 7, 7, 7, 7, 7, 7, 7, 7, 7, 7]
Predicted class : [2, 9, 1, 9, 8, 8, 1, 9, 1, 1, 8, 8, 1, 1, 1, 2, 1, 1, 2, 1, 1, 2, 1, 2, 1, 1, 9, 1, 1, 1, 9, 3, 2, 2, 1, 1, 2, 1, 1, 1, 8, 2, 2, 2, 1, 1, 2, 1, 2, 2, 2, 2, 8, 1, 1, 2, 8, 1, 2, 2, 8, 2, 8, 9, 1, 2, 1, 8, 1, 1, 2, 1, 8, 8, 1, 0, 1, 8, 1, 1, 8, 8, 8, 8, 2, 1, 2, 1, 1, 8, 2, 9, 1, 8, 8, 1, 2, 8, 1, 1]
Performance en généralisation : 0.12

Target class : 8 
Average nb of queries : 24.34
Accuracy : 1.0
Average norm : 20.172943115234375
Original class: [8, 8, 8, 8, 8, 8, 8, 8, 8, 8, 8, 8, 8, 8, 8, 8, 8, 8, 8, 8, 8, 8, 8, 8, 8, 8, 8, 8, 8, 8, 8, 8, 8, 8, 8, 8, 8, 8, 8, 8, 8, 8, 8, 8, 8, 8, 8, 8, 8, 8, 8, 8, 8, 8, 8, 8, 8, 8, 8, 8, 8, 8, 8, 8, 8, 8, 8, 8, 8, 8, 8, 8, 8, 8, 8, 8, 8, 8, 8, 8, 8, 8, 8, 8, 8, 8, 8, 8, 8, 8, 8, 8, 8, 8, 8, 8, 8, 8, 8, 8]
Predicted class : [1, 1, 1, 1, 1, 1, 1, 1, 1, 1, 2, 1, 1, 1, 1, 1, 1, 1, 1, 1, 1, 1, 1, 1, 1, 1, 1, 1, 1, 1, 1, 1, 1, 1, 1, 1, 1, 1, 1, 1, 1, 1, 1, 1, 1, 1, 1, 1, 1, 1, 1, 1, 1, 1, 1, 1, 1, 1, 1, 1, 1, 1, 1, 1, 1, 1, 1, 1, 1, 1, 1, 1, 1, 1, 1, 1, 5, 1, 1, 1, 1, 1, 1, 1, 1, 1, 1, 1, 1, 1, 1, 1, 1, 1, 1, 1, 1, 1, 1, 1]
Performance en généralisation : 0.09

Target class : 9 
Average nb of queries : 4.11
Accuracy : 1.0
Average norm : 16.94527099609375
Original class: [9, 9, 9, 9, 9, 9, 9, 9, 9, 9, 9, 9, 9, 9, 9, 9, 9, 9, 9, 9, 9, 9, 9, 9, 9, 9, 9, 9, 9, 9, 9, 9, 9, 9, 9, 9, 9, 9, 9, 9, 9, 9, 9, 9, 9, 9, 9, 9, 9, 9, 9, 9, 9, 9, 9, 9, 9, 9, 9, 9, 9, 9, 9, 9, 9, 9, 9, 9, 9, 9, 9, 9, 9, 9, 9, 9, 9, 9, 9, 9, 9, 9, 9, 9, 9, 9, 9, 9, 9, 9, 9, 9, 9, 9, 9, 9, 9, 9, 9, 9]
Predicted class : [8, 1, 8, 8, 1, 3, 1, 7, 1, 1, 1, 7, 7, 4, 7, 7, 1, 7, 4, 7, 4, 1, 1, 4, 5, 3, 7, 1, 4, 1, 8, 8, 2, 8, 8, 8, 8, 8, 8, 8, 7, 2, 8, 7, 2, 8, 8, 8, 2, 8, 8, 8, 8, 8, 8, 8, 8, 8, 8, 8, 1, 1, 7, 2, 1, 8, 2, 8, 8, 8, 8, 8, 8, 2, 8, 8, 8, 8, 2, 8, 7, 8, 2, 1, 8, 2, 7, 2, 8, 2, 8, 8, 8, 2, 8, 8, 7, 8, 2, 8]
Performance en généralisation : 0.48

