Target class : 0 
Average nb of queries : 23.25
Accuracy : 1.0
Average norm : 19.06287353515625
Original class: [0, 0, 0, 0, 0, 0, 0, 0, 0, 0, 0, 0, 0, 0, 0, 0, 0, 0, 0, 0, 0, 0, 0, 0, 0, 0, 0, 0, 0, 0, 0, 0, 0, 0, 0, 0, 0, 0, 0, 0, 0, 0, 0, 0, 0, 0, 0, 0, 0, 0, 0, 0, 0, 0, 0, 0, 0, 0, 0, 0, 0, 0, 0, 0, 0, 0, 0, 0, 0, 0, 0, 0, 0, 0, 0, 0, 0, 0, 0, 0, 0, 0, 0, 0, 0, 0, 0, 0, 0, 0, 0, 0, 0, 0, 0, 0, 0, 0, 0, 0]
Predicted class : [1, 1, 8, 8, 1, 1, 8, 1, 1, 8, 1, 1, 8, 1, 1, 1, 1, 1, 1, 1, 1, 1, 8, 1, 1, 1, 1, 1, 1, 1, 1, 8, 1, 1, 1, 1, 1, 8, 1, 1, 1, 1, 1, 1, 1, 8, 2, 1, 8, 1, 1, 1, 1, 8, 1, 1, 1, 1, 8, 1, 1, 1, 1, 1, 1, 1, 1, 1, 1, 1, 1, 1, 1, 1, 1, 1, 8, 8, 1, 1, 1, 1, 1, 1, 1, 1, 1, 8, 8, 1, 1, 1, 8, 1, 1, 1, 1, 1, 1, 1]
Performance en généralisation : 0.05

Target class : 1 
Average nb of queries : 97.44
Accuracy : 0.03
Average norm : 11.489735921223959
Original class: [1, 1, 1, 1, 1, 1, 1, 1, 1, 1, 1, 1, 1, 1, 1, 1, 1, 1, 1, 1, 1, 1, 1, 1, 1, 1, 1, 1, 1, 1, 1, 1, 1, 1, 1, 1, 1, 1, 1, 1, 1, 1, 1, 1, 1, 1, 1, 1, 1, 1, 1, 1, 1, 1, 1, 1, 1, 1, 1, 1, 1, 1, 1, 1, 1, 1, 1, 1, 1, 1, 1, 1, 1, 1, 1, 1, 1, 1, 1, 1, 1, 1, 1, 1, 1, 1, 1, 1, 1, 1, 1, 1, 1, 1, 1, 1, 1, 1, 1, 1]
Predicted class : [1, 1, 1, 1, 1, 1, 1, 1, 1, 1, 1, 1, 1, 8, 1, 1, 1, 1, 1, 1, 1, 1, 1, 1, 1, 1, 1, 1, 1, 1, 1, 1, 1, 1, 1, 1, 1, 1, 1, 1, 1, 1, 1, 1, 1, 1, 1, 1, 1, 1, 1, 1, 1, 1, 1, 1, 1, 1, 1, 1, 1, 1, 1, 1, 1, 1, 1, 1, 1, 1, 1, 9, 1, 1, 1, 1, 1, 1, 1, 1, 1, 1, 1, 1, 1, 1, 1, 1, 1, 8, 1, 1, 1, 1, 1, 1, 1, 1, 1, 1]
Performance en généralisation : 0.04

Target class : 2 
Average nb of queries : 18.83
Accuracy : 1.0
Average norm : 16.706827392578123
Original class: [2, 2, 2, 2, 2, 2, 2, 2, 2, 2, 2, 2, 2, 2, 2, 2, 2, 2, 2, 2, 2, 2, 2, 2, 2, 2, 2, 2, 2, 2, 2, 2, 2, 2, 2, 2, 2, 2, 2, 2, 2, 2, 2, 2, 2, 2, 2, 2, 2, 2, 2, 2, 2, 2, 2, 2, 2, 2, 2, 2, 2, 2, 2, 2, 2, 2, 2, 2, 2, 2, 2, 2, 2, 2, 2, 2, 2, 2, 2, 2, 2, 2, 2, 2, 2, 2, 2, 2, 2, 2, 2, 2, 2, 2, 2, 2, 2, 2, 2, 2]
Predicted class : [1, 1, 1, 1, 1, 8, 1, 1, 1, 1, 1, 1, 1, 1, 1, 8, 0, 0, 1, 1, 1, 8, 1, 8, 1, 1, 8, 1, 8, 8, 1, 8, 1, 8, 8, 1, 1, 1, 1, 8, 1, 1, 1, 8, 1, 1, 8, 1, 8, 1, 1, 8, 1, 1, 8, 8, 8, 1, 8, 8, 1, 0, 8, 1, 1, 1, 8, 1, 8, 8, 1, 8, 8, 1, 1, 0, 1, 0, 8, 1, 8, 8, 8, 1, 1, 1, 1, 8, 1, 1, 8, 8, 1, 8, 8, 8, 1, 1, 1, 1]
Performance en généralisation : 0.11

Target class : 3 
Average nb of queries : 18.62
Accuracy : 1.0
Average norm : 16.14282958984375
Original class: [3, 3, 3, 3, 3, 3, 3, 3, 3, 3, 3, 3, 3, 3, 3, 3, 3, 3, 3, 3, 3, 3, 3, 3, 3, 3, 3, 3, 3, 3, 3, 3, 3, 3, 3, 3, 3, 3, 3, 3, 3, 3, 3, 3, 3, 3, 3, 3, 3, 3, 3, 3, 3, 3, 3, 3, 3, 3, 3, 3, 3, 3, 3, 3, 3, 3, 3, 3, 3, 3, 3, 3, 3, 3, 3, 3, 3, 3, 3, 3, 3, 3, 3, 3, 3, 3, 3, 3, 3, 3, 3, 3, 3, 3, 3, 3, 3, 3, 3, 3]
Predicted class : [2, 8, 8, 2, 5, 5, 1, 8, 1, 8, 1, 1, 1, 1, 2, 9, 1, 2, 1, 8, 5, 8, 8, 8, 8, 1, 5, 8, 8, 1, 8, 1, 2, 8, 8, 1, 8, 8, 8, 2, 8, 5, 5, 8, 1, 8, 8, 5, 2, 1, 8, 8, 1, 8, 8, 1, 8, 8, 8, 1, 8, 8, 8, 8, 8, 5, 8, 2, 1, 1, 8, 1, 1, 8, 8, 1, 8, 5, 1, 8, 8, 1, 5, 8, 1, 8, 8, 1, 1, 1, 8, 8, 5, 1, 8, 8, 8, 8, 8, 1]
Performance en généralisation : 0.05

Target class : 4 
Average nb of queries : 19.2
Accuracy : 1.0
Average norm : 16.773663330078126
Original class: [4, 4, 4, 4, 4, 4, 4, 4, 4, 4, 4, 4, 4, 4, 4, 4, 4, 4, 4, 4, 4, 4, 4, 4, 4, 4, 4, 4, 4, 4, 4, 4, 4, 4, 4, 4, 4, 4, 4, 4, 4, 4, 4, 4, 4, 4, 4, 4, 4, 4, 4, 4, 4, 4, 4, 4, 4, 4, 4, 4, 4, 4, 4, 4, 4, 4, 4, 4, 4, 4, 4, 4, 4, 4, 4, 4, 4, 4, 4, 4, 4, 4, 4, 4, 4, 4, 4, 4, 4, 4, 4, 4, 4, 4, 4, 4, 4, 4, 4, 4]
Predicted class : [6, 1, 1, 8, 1, 1, 8, 1, 2, 1, 1, 1, 8, 1, 1, 1, 9, 1, 8, 1, 9, 1, 1, 1, 1, 1, 1, 8, 8, 1, 1, 9, 1, 1, 1, 1, 1, 8, 1, 1, 1, 1, 1, 1, 1, 1, 1, 1, 1, 1, 9, 8, 1, 1, 1, 8, 1, 1, 1, 1, 1, 1, 1, 1, 2, 1, 1, 1, 1, 1, 1, 1, 2, 9, 1, 8, 9, 1, 1, 1, 1, 9, 1, 1, 1, 1, 9, 1, 1, 1, 9, 8, 1, 9, 1, 8, 1, 1, 1, 1]
Performance en généralisation : 0.08

Target class : 5 
Average nb of queries : 19.5
Accuracy : 1.0
Average norm : 17.13732421875
Original class: [5, 5, 5, 5, 5, 5, 5, 5, 5, 5, 5, 5, 5, 5, 5, 5, 5, 5, 5, 5, 5, 5, 5, 5, 5, 5, 5, 5, 5, 5, 5, 5, 5, 5, 5, 5, 5, 5, 5, 5, 5, 5, 5, 5, 5, 5, 5, 5, 5, 5, 5, 5, 5, 5, 5, 5, 5, 5, 5, 5, 5, 5, 5, 5, 5, 5, 5, 5, 5, 5, 5, 5, 5, 5, 5, 5, 5, 5, 5, 5, 5, 5, 5, 5, 5, 5, 5, 5, 5, 5, 5, 5, 5, 5, 5, 5, 5, 5, 5, 5]
Predicted class : [8, 8, 8, 8, 8, 8, 8, 1, 8, 1, 8, 8, 0, 0, 8, 8, 6, 8, 8, 8, 8, 0, 0, 0, 8, 8, 8, 0, 8, 0, 8, 8, 8, 8, 8, 1, 8, 8, 8, 8, 8, 8, 8, 3, 8, 8, 0, 8, 8, 8, 8, 8, 0, 8, 8, 1, 1, 8, 8, 8, 8, 8, 8, 8, 8, 8, 8, 8, 8, 0, 8, 8, 8, 1, 8, 8, 8, 8, 8, 8, 1, 8, 8, 8, 1, 8, 8, 8, 8, 0, 0, 8, 8, 8, 1, 0, 1, 8, 8, 1]
Performance en généralisation : 0.07

Target class : 6 
Average nb of queries : 18.88
Accuracy : 1.0
Average norm : 16.822529296875
Original class: [6, 6, 6, 6, 6, 6, 6, 6, 6, 6, 6, 6, 6, 6, 6, 6, 6, 6, 6, 6, 6, 6, 6, 6, 6, 6, 6, 6, 6, 6, 6, 6, 6, 6, 6, 6, 6, 6, 6, 6, 6, 6, 6, 6, 6, 6, 6, 6, 6, 6, 6, 6, 6, 6, 6, 6, 6, 6, 6, 6, 6, 6, 6, 6, 6, 6, 6, 6, 6, 6, 6, 6, 6, 6, 6, 6, 6, 6, 6, 6, 6, 6, 6, 6, 6, 6, 6, 6, 6, 6, 6, 6, 6, 6, 6, 6, 6, 6, 6, 6]
Predicted class : [1, 1, 1, 1, 1, 1, 1, 1, 8, 1, 1, 1, 5, 1, 8, 1, 1, 1, 1, 1, 1, 1, 1, 1, 1, 1, 1, 1, 1, 1, 1, 8, 1, 1, 8, 8, 1, 8, 8, 1, 1, 1, 1, 8, 1, 5, 8, 1, 1, 1, 1, 0, 1, 1, 0, 1, 1, 1, 1, 1, 1, 1, 1, 1, 1, 1, 1, 1, 1, 1, 1, 1, 1, 1, 1, 1, 1, 1, 1, 1, 1, 8, 1, 0, 1, 0, 8, 1, 1, 8, 1, 1, 2, 1, 1, 1, 1, 1, 0, 0]
Performance en généralisation : 0.08

Target class : 7 
Average nb of queries : 19.75
Accuracy : 1.0
Average norm : 17.217603759765623
Original class: [7, 7, 7, 7, 7, 7, 7, 7, 7, 7, 7, 7, 7, 7, 7, 7, 7, 7, 7, 7, 7, 7, 7, 7, 7, 7, 7, 7, 7, 7, 7, 7, 7, 7, 7, 7, 7, 7, 7, 7, 7, 7, 7, 7, 7, 7, 7, 7, 7, 7, 7, 7, 7, 7, 7, 7, 7, 7, 7, 7, 7, 7, 7, 7, 7, 7, 7, 7, 7, 7, 7, 7, 7, 7, 7, 7, 7, 7, 7, 7, 7, 7, 7, 7, 7, 7, 7, 7, 7, 7, 7, 7, 7, 7, 7, 7, 7, 7, 7, 7]
Predicted class : [1, 9, 9, 8, 8, 9, 1, 2, 1, 1, 1, 9, 1, 1, 1, 2, 2, 1, 1, 8, 1, 8, 8, 9, 9, 1, 1, 8, 1, 1, 8, 1, 8, 9, 1, 1, 8, 1, 8, 1, 1, 1, 8, 9, 1, 8, 0, 1, 1, 8, 1, 1, 9, 1, 1, 8, 9, 1, 8, 8, 1, 1, 9, 1, 1, 1, 8, 1, 8, 0, 1, 1, 8, 9, 4, 1, 8, 8, 1, 1, 8, 8, 8, 9, 8, 8, 8, 1, 8, 1, 9, 1, 1, 8, 2, 1, 8, 8, 1, 9]
Performance en généralisation : 0.05

Target class : 8 
Average nb of queries : 25.65
Accuracy : 1.0
Average norm : 20.82632568359375
Original class: [8, 8, 8, 8, 8, 8, 8, 8, 8, 8, 8, 8, 8, 8, 8, 8, 8, 8, 8, 8, 8, 8, 8, 8, 8, 8, 8, 8, 8, 8, 8, 8, 8, 8, 8, 8, 8, 8, 8, 8, 8, 8, 8, 8, 8, 8, 8, 8, 8, 8, 8, 8, 8, 8, 8, 8, 8, 8, 8, 8, 8, 8, 8, 8, 8, 8, 8, 8, 8, 8, 8, 8, 8, 8, 8, 8, 8, 8, 8, 8, 8, 8, 8, 8, 8, 8, 8, 8, 8, 8, 8, 8, 8, 8, 8, 8, 8, 8, 8, 8]
Predicted class : [1, 1, 1, 1, 1, 1, 1, 1, 1, 1, 1, 1, 1, 1, 1, 1, 1, 1, 1, 1, 1, 1, 1, 1, 1, 1, 1, 1, 1, 1, 1, 1, 1, 1, 1, 1, 1, 1, 1, 1, 1, 1, 1, 1, 1, 1, 1, 1, 1, 1, 1, 1, 1, 1, 1, 1, 1, 1, 1, 1, 1, 1, 1, 1, 1, 1, 1, 1, 1, 1, 1, 1, 1, 1, 1, 1, 1, 1, 1, 1, 1, 1, 1, 1, 1, 1, 1, 1, 1, 1, 1, 1, 1, 1, 1, 1, 1, 1, 1, 1]
Performance en généralisation : 0.07

Target class : 9 
Average nb of queries : 20.12
Accuracy : 1.0
Average norm : 17.46503662109375
Original class: [9, 9, 9, 9, 9, 9, 9, 9, 9, 9, 9, 9, 9, 9, 9, 9, 9, 9, 9, 9, 9, 9, 9, 9, 9, 9, 9, 9, 9, 9, 9, 9, 9, 9, 9, 9, 9, 9, 9, 9, 9, 9, 9, 9, 9, 9, 9, 9, 9, 9, 9, 9, 9, 9, 9, 9, 9, 9, 9, 9, 9, 9, 9, 9, 9, 9, 9, 9, 9, 9, 9, 9, 9, 9, 9, 9, 9, 9, 9, 9, 9, 9, 9, 9, 9, 9, 9, 9, 9, 9, 9, 9, 9, 9, 9, 9, 9, 9, 9, 9]
Predicted class : [8, 8, 8, 8, 8, 1, 8, 8, 8, 8, 8, 1, 1, 8, 1, 8, 8, 8, 8, 8, 8, 8, 1, 8, 8, 8, 8, 8, 1, 8, 4, 8, 8, 8, 8, 8, 8, 0, 8, 8, 8, 8, 8, 8, 1, 8, 8, 8, 8, 4, 8, 8, 8, 8, 8, 8, 8, 8, 8, 8, 8, 8, 8, 1, 8, 8, 8, 8, 8, 1, 8, 8, 1, 8, 8, 8, 8, 8, 8, 8, 8, 8, 4, 8, 8, 8, 8, 8, 8, 1, 8, 8, 8, 8, 1, 8, 8, 8, 8, 8]
Performance en généralisation : 0.06

