target class : 0 
Average nb of queries : 18.87
Accuracy : 1.0
Average norm : 6.219581298828125
Original class: [1, 5, 3, 5, 4, 9, 5, 6, 2, 5, 2, 1, 6, 7, 9, 5, 3, 1, 5, 6, 4, 4, 8, 7, 5, 9, 6, 3, 8, 6, 5, 9, 2, 8, 2, 6, 3, 5, 5, 8, 2, 1, 8, 2, 5, 8, 3, 2, 2, 3, 3, 6, 1, 2, 1, 1, 6, 7, 4, 7, 1, 2, 5, 2, 6, 7, 8, 1, 4, 6, 8, 1, 5, 4, 9, 4, 1, 4, 8, 1, 6, 3, 5, 9, 9, 8, 8, 2, 5, 6, 7, 9, 1, 8, 1, 1, 9, 1, 2, 7]
Predicted class : [0, 0, 0, 0, 9, 8, 0, 0, 0, 0, 0, 0, 0, 0, 0, 0, 0, 0, 0, 0, 8, 8, 0, 0, 0, 0, 5, 0, 0, 0, 0, 0, 0, 0, 0, 0, 0, 0, 0, 0, 0, 0, 0, 0, 0, 0, 0, 0, 0, 0, 5, 0, 0, 0, 8, 0, 0, 2, 0, 0, 0, 0, 0, 0, 0, 0, 0, 0, 8, 0, 0, 0, 0, 9, 0, 0, 0, 8, 0, 0, 0, 0, 0, 8, 0, 0, 0, 0, 0, 0, 0, 0, 0, 0, 0, 0, 0, 0, 0, 2]
Performance en généralisation : 0.08
Number of predictions equal to 0 : 87

target class : 1 
Average nb of queries : 20.17
Accuracy : 1.0
Average norm : 6.055049438476562
Original class: [6, 7, 3, 9, 6, 6, 8, 8, 0, 9, 5, 0, 7, 9, 2, 9, 6, 2, 3, 6, 5, 7, 3, 6, 4, 9, 7, 7, 9, 9, 8, 3, 5, 9, 8, 6, 5, 2, 6, 6, 8, 0, 3, 4, 5, 9, 3, 3, 4, 0, 6, 7, 4, 7, 8, 2, 5, 7, 8, 0, 5, 7, 8, 7, 4, 9, 9, 0, 6, 3, 7, 4, 7, 5, 9, 5, 0, 9, 3, 8, 5, 9, 3, 7, 3, 2, 2, 2, 4, 2, 0, 9, 7, 3, 9, 2, 3, 3, 6, 7]
Predicted class : [1, 3, 1, 8, 1, 2, 1, 1, 1, 1, 3, 6, 1, 1, 1, 1, 1, 1, 1, 1, 1, 1, 1, 1, 8, 8, 1, 1, 8, 1, 1, 1, 8, 8, 1, 1, 1, 1, 1, 1, 2, 1, 1, 1, 1, 8, 1, 1, 8, 1, 1, 1, 1, 1, 1, 1, 8, 1, 1, 2, 3, 1, 2, 1, 9, 1, 3, 8, 1, 1, 1, 1, 1, 1, 8, 1, 1, 5, 1, 1, 1, 8, 2, 1, 1, 1, 1, 1, 1, 1, 6, 8, 1, 1, 8, 1, 1, 1, 8, 2]
Performance en généralisation : 0.12
Number of predictions equal to 1 : 71

target class : 2 
Average nb of queries : 18.15
Accuracy : 1.0
Average norm : 6.001126708984375
Original class: [1, 5, 0, 6, 3, 5, 1, 1, 3, 6, 7, 7, 5, 5, 0, 9, 9, 0, 0, 3, 3, 3, 7, 8, 1, 6, 1, 7, 7, 5, 9, 5, 5, 9, 6, 1, 1, 0, 5, 5, 9, 8, 3, 1, 6, 9, 4, 3, 9, 0, 9, 8, 4, 6, 6, 0, 8, 7, 8, 9, 8, 4, 7, 1, 4, 5, 4, 0, 0, 3, 5, 8, 3, 4, 4, 7, 9, 3, 4, 7, 1, 6, 4, 8, 5, 4, 4, 9, 6, 6, 1, 9, 5, 7, 3, 9, 9, 4, 8, 3]
Predicted class : [2, 8, 2, 2, 2, 8, 2, 2, 2, 8, 2, 2, 6, 8, 2, 2, 8, 2, 2, 2, 2, 2, 2, 2, 2, 2, 2, 3, 2, 8, 8, 3, 8, 8, 2, 2, 2, 2, 8, 8, 8, 2, 2, 2, 2, 8, 2, 2, 8, 2, 8, 2, 2, 2, 2, 2, 2, 2, 2, 8, 2, 2, 0, 2, 2, 3, 2, 2, 2, 2, 3, 2, 2, 2, 1, 2, 8, 2, 6, 2, 2, 2, 1, 2, 8, 2, 2, 2, 2, 2, 2, 0, 8, 2, 2, 8, 0, 2, 2, 2]
Performance en généralisation : 0.05
Number of predictions equal to 2 : 69

target class : 3 
Average nb of queries : 17.98
Accuracy : 1.0
Average norm : 5.659013061523438
Original class: [1, 1, 0, 2, 7, 2, 0, 9, 9, 9, 2, 8, 2, 1, 8, 5, 4, 0, 0, 9, 7, 5, 9, 7, 0, 0, 4, 8, 7, 7, 9, 4, 4, 4, 6, 5, 0, 0, 9, 8, 6, 2, 6, 6, 4, 8, 4, 0, 9, 1, 7, 6, 8, 5, 4, 0, 7, 2, 0, 8, 8, 4, 2, 2, 7, 0, 2, 7, 1, 0, 6, 1, 4, 1, 5, 8, 1, 6, 0, 1, 8, 8, 4, 6, 2, 2, 0, 8, 1, 6, 8, 1, 6, 1, 2, 6, 6, 0, 2, 8]
Predicted class : [3, 2, 8, 3, 3, 3, 3, 3, 3, 3, 3, 3, 3, 3, 3, 3, 9, 3, 3, 3, 3, 3, 8, 3, 5, 3, 8, 3, 3, 3, 5, 2, 3, 3, 3, 3, 8, 2, 3, 3, 3, 3, 3, 3, 9, 3, 5, 3, 3, 3, 2, 5, 3, 3, 9, 3, 3, 3, 8, 3, 3, 9, 3, 3, 3, 3, 3, 8, 3, 8, 5, 3, 9, 3, 3, 3, 3, 3, 3, 3, 3, 3, 9, 3, 3, 3, 3, 3, 2, 3, 3, 3, 5, 3, 3, 5, 5, 3, 3, 3]
Performance en généralisation : 0.11
Number of predictions equal to 3 : 74

target class : 4 
Average nb of queries : 23.78
Accuracy : 1.0
Average norm : 6.906234130859375
Original class: [1, 8, 7, 9, 9, 7, 2, 2, 6, 2, 9, 7, 8, 7, 2, 7, 1, 6, 5, 7, 7, 3, 5, 5, 7, 7, 7, 9, 3, 6, 8, 6, 2, 3, 5, 2, 1, 5, 2, 2, 0, 9, 0, 7, 1, 7, 2, 2, 9, 5, 1, 8, 2, 7, 9, 1, 1, 6, 3, 9, 3, 5, 3, 3, 2, 1, 3, 5, 2, 8, 8, 9, 1, 0, 2, 8, 7, 7, 1, 8, 1, 6, 5, 1, 8, 0, 7, 3, 8, 7, 5, 0, 8, 2, 8, 6, 8, 3, 6, 9]
Predicted class : [4, 4, 4, 8, 4, 9, 4, 8, 4, 1, 4, 4, 4, 9, 4, 4, 4, 4, 4, 9, 9, 8, 9, 8, 4, 4, 4, 4, 9, 4, 4, 4, 8, 4, 8, 4, 4, 4, 1, 1, 8, 4, 8, 4, 4, 4, 7, 4, 4, 8, 4, 1, 4, 4, 4, 4, 4, 1, 8, 4, 4, 4, 2, 1, 4, 4, 2, 9, 4, 4, 4, 4, 4, 9, 1, 4, 4, 4, 4, 4, 4, 4, 4, 4, 4, 1, 4, 2, 1, 4, 8, 8, 4, 8, 4, 1, 4, 8, 4, 4]
Performance en généralisation : 0.01
Number of predictions equal to 4 : 64

target class : 5 
Average nb of queries : 21.56
Accuracy : 1.0
Average norm : 6.336114501953125
Original class: [1, 1, 1, 1, 9, 1, 0, 1, 0, 4, 8, 2, 7, 9, 3, 7, 6, 1, 4, 2, 6, 8, 1, 1, 0, 3, 1, 9, 9, 3, 2, 0, 6, 3, 4, 1, 6, 3, 1, 0, 6, 1, 4, 7, 0, 4, 7, 4, 4, 7, 3, 3, 7, 6, 0, 1, 6, 3, 1, 8, 1, 8, 4, 3, 6, 7, 3, 0, 4, 6, 4, 0, 7, 1, 1, 4, 6, 7, 0, 9, 6, 3, 8, 8, 1, 3, 9, 6, 1, 0, 9, 1, 8, 2, 6, 2, 9, 4, 7, 8]
Predicted class : [5, 5, 8, 5, 5, 3, 5, 5, 5, 8, 5, 1, 5, 5, 5, 3, 5, 8, 5, 3, 5, 5, 5, 5, 5, 5, 5, 8, 5, 5, 1, 5, 5, 5, 1, 8, 5, 5, 5, 5, 5, 5, 1, 8, 5, 9, 1, 8, 1, 3, 5, 5, 2, 5, 5, 5, 8, 5, 5, 5, 5, 5, 8, 5, 5, 2, 5, 5, 1, 5, 1, 5, 9, 5, 8, 8, 5, 3, 5, 5, 5, 5, 1, 1, 5, 5, 3, 5, 5, 8, 5, 5, 5, 1, 5, 0, 8, 9, 2, 5]
Performance en généralisation : 0.09
Number of predictions equal to 5 : 63

target class : 6 
Average nb of queries : 20.02
Accuracy : 1.0
Average norm : 6.574183349609375
Original class: [1, 7, 5, 5, 9, 5, 8, 2, 8, 7, 0, 3, 0, 0, 3, 9, 3, 8, 5, 8, 2, 4, 4, 2, 0, 4, 0, 9, 8, 1, 2, 9, 8, 2, 2, 9, 3, 7, 8, 8, 3, 7, 7, 2, 5, 0, 1, 0, 0, 5, 3, 4, 2, 7, 2, 1, 2, 5, 1, 4, 3, 0, 7, 8, 5, 3, 4, 7, 3, 3, 0, 2, 8, 2, 0, 4, 1, 5, 1, 7, 4, 3, 5, 8, 4, 1, 7, 7, 1, 3, 5, 3, 3, 7, 9, 2, 1, 0, 4, 9]
Predicted class : [6, 2, 8, 6, 8, 6, 6, 0, 6, 2, 6, 2, 6, 6, 5, 8, 8, 6, 6, 6, 6, 8, 8, 6, 6, 6, 8, 0, 6, 2, 6, 0, 2, 6, 6, 8, 6, 8, 6, 6, 8, 8, 2, 8, 6, 6, 6, 6, 6, 6, 5, 6, 6, 2, 6, 6, 6, 6, 2, 6, 2, 6, 8, 6, 6, 8, 6, 2, 5, 5, 6, 6, 6, 6, 6, 6, 2, 0, 2, 2, 6, 6, 6, 6, 6, 2, 9, 2, 6, 8, 6, 6, 5, 1, 8, 6, 6, 6, 6, 8]
Performance en généralisation : 0.09
Number of predictions equal to 6 : 57

target class : 7 
Average nb of queries : 20.93
Accuracy : 1.0
Average norm : 6.268626098632812
Original class: [1, 2, 4, 8, 1, 0, 6, 3, 5, 4, 1, 1, 9, 8, 2, 2, 1, 2, 3, 5, 2, 2, 4, 1, 1, 8, 1, 1, 3, 4, 2, 6, 0, 9, 9, 3, 2, 2, 9, 8, 4, 9, 8, 6, 1, 0, 3, 8, 5, 4, 0, 8, 2, 5, 8, 4, 4, 4, 4, 3, 6, 9, 3, 1, 3, 6, 3, 9, 9, 3, 8, 1, 3, 2, 1, 8, 8, 2, 0, 3, 3, 8, 2, 3, 3, 0, 9, 3, 0, 8, 6, 0, 0, 4, 4, 6, 5, 1, 9, 8]
Predicted class : [7, 7, 7, 2, 7, 7, 0, 7, 3, 7, 7, 7, 7, 2, 7, 7, 7, 7, 1, 8, 7, 7, 9, 7, 7, 7, 7, 2, 2, 7, 7, 2, 7, 7, 7, 7, 7, 7, 7, 2, 9, 7, 2, 8, 7, 2, 7, 2, 8, 9, 7, 7, 1, 7, 7, 7, 0, 7, 7, 7, 2, 7, 7, 7, 1, 2, 1, 7, 7, 7, 2, 7, 1, 3, 7, 7, 7, 7, 7, 8, 1, 7, 7, 9, 1, 2, 7, 7, 2, 7, 0, 7, 7, 1, 7, 0, 9, 7, 7, 3]
Performance en généralisation : 0.06
Number of predictions equal to 7 : 62

target class : 8 
Average nb of queries : 20.08
Accuracy : 1.0
Average norm : 5.94428955078125
Original class: [1, 6, 1, 3, 9, 4, 9, 2, 2, 1, 9, 7, 2, 1, 7, 9, 1, 4, 7, 0, 5, 1, 4, 5, 4, 4, 0, 3, 0, 3, 6, 6, 6, 6, 6, 3, 6, 1, 6, 3, 7, 5, 4, 6, 2, 7, 5, 9, 1, 7, 9, 1, 6, 9, 2, 1, 7, 9, 7, 7, 1, 7, 0, 5, 7, 0, 7, 1, 3, 9, 3, 4, 1, 4, 6, 0, 4, 5, 1, 3, 7, 1, 4, 5, 6, 0, 0, 5, 7, 2, 1, 2, 4, 6, 0, 3, 2, 2, 9, 5]
Predicted class : [2, 8, 8, 8, 8, 8, 8, 8, 8, 8, 8, 2, 8, 8, 2, 8, 2, 8, 2, 8, 8, 2, 8, 8, 8, 9, 8, 8, 8, 8, 8, 8, 8, 8, 8, 8, 8, 8, 8, 8, 2, 8, 9, 8, 8, 2, 8, 8, 8, 8, 8, 8, 8, 8, 8, 8, 2, 8, 2, 2, 8, 2, 8, 8, 8, 8, 2, 2, 8, 8, 8, 8, 8, 8, 8, 8, 8, 8, 8, 8, 8, 8, 8, 8, 8, 8, 8, 8, 9, 8, 8, 8, 8, 8, 8, 8, 8, 8, 8, 8]
Performance en généralisation : 0.02
Number of predictions equal to 8 : 83

target class : 9 
Average nb of queries : 20.58
Accuracy : 1.0
Average norm : 6.1559716796875
Original class: [1, 0, 6, 5, 6, 5, 8, 1, 6, 1, 6, 1, 7, 4, 1, 3, 0, 0, 7, 4, 6, 5, 0, 4, 5, 2, 1, 0, 1, 3, 6, 1, 8, 0, 3, 4, 7, 0, 8, 8, 0, 8, 7, 7, 2, 4, 2, 6, 4, 8, 4, 7, 5, 5, 4, 8, 5, 7, 2, 6, 8, 0, 7, 4, 5, 3, 2, 7, 8, 8, 6, 6, 0, 0, 1, 8, 4, 4, 7, 7, 7, 1, 3, 7, 0, 3, 6, 5, 4, 0, 8, 7, 3, 0, 0, 7, 5, 7, 7, 0]
Predicted class : [9, 9, 8, 9, 4, 9, 9, 9, 8, 7, 9, 9, 9, 9, 8, 8, 8, 8, 9, 9, 8, 9, 8, 9, 9, 7, 8, 9, 9, 8, 5, 9, 9, 9, 9, 9, 9, 8, 9, 9, 8, 9, 9, 9, 8, 9, 9, 8, 9, 9, 9, 9, 9, 9, 9, 9, 9, 9, 8, 8, 9, 8, 9, 9, 8, 8, 7, 9, 9, 9, 0, 8, 9, 8, 7, 9, 9, 9, 9, 9, 9, 8, 8, 9, 8, 9, 8, 9, 7, 8, 9, 9, 9, 8, 8, 9, 3, 9, 9, 8]
Performance en généralisation : 0.05
Number of predictions equal to 9 : 62

