Target class : 0 
Average nb of queries : 16.51
Accuracy : 1.0
Average norm : 17.739849853515626
Original class: [0, 0, 0, 0, 0, 0, 0, 0, 0, 0, 0, 0, 0, 0, 0, 0, 0, 0, 0, 0, 0, 0, 0, 0, 0, 0, 0, 0, 0, 0, 0, 0, 0, 0, 0, 0, 0, 0, 0, 0, 0, 0, 0, 0, 0, 0, 0, 0, 0, 0, 0, 0, 0, 0, 0, 0, 0, 0, 0, 0, 0, 0, 0, 0, 0, 0, 0, 0, 0, 0, 0, 0, 0, 0, 0, 0, 0, 0, 0, 0, 0, 0, 0, 0, 0, 0, 0, 0, 0, 0, 0, 0, 0, 0, 0, 0, 0, 0, 0, 0]
Predicted class : [1, 1, 8, 1, 1, 8, 1, 2, 8, 8, 2, 1, 2, 2, 1, 2, 2, 1, 2, 8, 8, 8, 2, 1, 8, 2, 2, 2, 2, 2, 2, 1, 2, 1, 2, 2, 1, 1, 2, 1, 8, 2, 2, 1, 2, 8, 1, 8, 1, 2, 2, 2, 3, 1, 2, 2, 2, 1, 2, 1, 1, 8, 2, 1, 2, 2, 8, 1, 1, 2, 8, 1, 1, 1, 1, 2, 2, 8, 1, 1, 8, 8, 1, 2, 8, 2, 2, 8, 2, 1, 2, 1, 1, 8, 2, 2, 1, 8, 1, 1]
Performance en généralisation : 0.15

Target class : 1 
Average nb of queries : 90.51
Accuracy : 0.1
Average norm : 13.363735961914063
Original class: [1, 1, 1, 1, 1, 1, 1, 1, 1, 1, 1, 1, 1, 1, 1, 1, 1, 1, 1, 1, 1, 1, 1, 1, 1, 1, 1, 1, 1, 1, 1, 1, 1, 1, 1, 1, 1, 1, 1, 1, 1, 1, 1, 1, 1, 1, 1, 1, 1, 1, 1, 1, 1, 1, 1, 1, 1, 1, 1, 1, 1, 1, 1, 1, 1, 1, 1, 1, 1, 1, 1, 1, 1, 1, 1, 1, 1, 1, 1, 1, 1, 1, 1, 1, 1, 1, 1, 1, 1, 1, 1, 1, 1, 1, 1, 1, 1, 1, 1, 1]
Predicted class : [1, 1, 1, 2, 1, 1, 1, 1, 1, 1, 1, 1, 1, 1, 1, 1, 1, 1, 1, 1, 1, 1, 1, 1, 1, 1, 1, 1, 1, 1, 2, 1, 1, 1, 1, 1, 1, 1, 1, 1, 1, 1, 1, 1, 2, 1, 1, 1, 1, 1, 1, 1, 1, 1, 1, 1, 1, 1, 8, 1, 1, 1, 1, 8, 1, 1, 1, 8, 1, 1, 1, 1, 1, 2, 1, 1, 1, 1, 1, 8, 1, 8, 1, 1, 1, 1, 1, 1, 1, 1, 1, 1, 2, 1, 1, 1, 1, 1, 1, 1]
Performance en généralisation : 0.15

Target class : 2 
Average nb of queries : 15.55
Accuracy : 1.0
Average norm : 17.266759033203126
Original class: [2, 2, 2, 2, 2, 2, 2, 2, 2, 2, 2, 2, 2, 2, 2, 2, 2, 2, 2, 2, 2, 2, 2, 2, 2, 2, 2, 2, 2, 2, 2, 2, 2, 2, 2, 2, 2, 2, 2, 2, 2, 2, 2, 2, 2, 2, 2, 2, 2, 2, 2, 2, 2, 2, 2, 2, 2, 2, 2, 2, 2, 2, 2, 2, 2, 2, 2, 2, 2, 2, 2, 2, 2, 2, 2, 2, 2, 2, 2, 2, 2, 2, 2, 2, 2, 2, 2, 2, 2, 2, 2, 2, 2, 2, 2, 2, 2, 2, 2, 2]
Predicted class : [8, 1, 1, 8, 1, 1, 1, 1, 1, 1, 1, 1, 8, 1, 1, 8, 8, 7, 8, 8, 8, 1, 8, 8, 8, 1, 8, 8, 1, 1, 8, 1, 1, 1, 8, 8, 1, 1, 1, 1, 1, 8, 1, 8, 1, 1, 1, 1, 1, 8, 1, 8, 1, 8, 1, 8, 1, 1, 8, 1, 8, 1, 8, 1, 1, 1, 1, 1, 8, 1, 8, 1, 1, 8, 8, 1, 8, 7, 1, 1, 8, 8, 1, 1, 1, 8, 1, 8, 8, 1, 1, 1, 8, 1, 1, 1, 1, 1, 1, 1]
Performance en généralisation : 0.14

Target class : 3 
Average nb of queries : 7.76
Accuracy : 1.0
Average norm : 15.7642041015625
Original class: [3, 3, 3, 3, 3, 3, 3, 3, 3, 3, 3, 3, 3, 3, 3, 3, 3, 3, 3, 3, 3, 3, 3, 3, 3, 3, 3, 3, 3, 3, 3, 3, 3, 3, 3, 3, 3, 3, 3, 3, 3, 3, 3, 3, 3, 3, 3, 3, 3, 3, 3, 3, 3, 3, 3, 3, 3, 3, 3, 3, 3, 3, 3, 3, 3, 3, 3, 3, 3, 3, 3, 3, 3, 3, 3, 3, 3, 3, 3, 3, 3, 3, 3, 3, 3, 3, 3, 3, 3, 3, 3, 3, 3, 3, 3, 3, 3, 3, 3, 3]
Predicted class : [2, 8, 8, 1, 0, 1, 1, 2, 1, 2, 2, 2, 2, 2, 1, 2, 2, 2, 1, 2, 2, 2, 2, 2, 2, 1, 1, 2, 2, 2, 1, 1, 2, 2, 1, 1, 2, 1, 2, 2, 2, 2, 2, 2, 2, 1, 2, 2, 2, 2, 2, 1, 2, 2, 2, 2, 2, 2, 2, 2, 2, 2, 1, 2, 2, 8, 1, 2, 2, 2, 8, 2, 2, 2, 2, 2, 2, 2, 2, 2, 2, 2, 2, 2, 2, 2, 7, 2, 2, 2, 2, 2, 2, 2, 8, 2, 1, 1, 2, 1]
Performance en généralisation : 0.42

Target class : 4 
Average nb of queries : 19.98
Accuracy : 1.0
Average norm : 17.5365673828125
Original class: [4, 4, 4, 4, 4, 4, 4, 4, 4, 4, 4, 4, 4, 4, 4, 4, 4, 4, 4, 4, 4, 4, 4, 4, 4, 4, 4, 4, 4, 4, 4, 4, 4, 4, 4, 4, 4, 4, 4, 4, 4, 4, 4, 4, 4, 4, 4, 4, 4, 4, 4, 4, 4, 4, 4, 4, 4, 4, 4, 4, 4, 4, 4, 4, 4, 4, 4, 4, 4, 4, 4, 4, 4, 4, 4, 4, 4, 4, 4, 4, 4, 4, 4, 4, 4, 4, 4, 4, 4, 4, 4, 4, 4, 4, 4, 4, 4, 4, 4, 4]
Predicted class : [1, 1, 1, 1, 8, 1, 1, 1, 1, 1, 1, 1, 1, 1, 1, 1, 1, 1, 1, 1, 9, 1, 1, 1, 1, 8, 8, 1, 1, 1, 1, 1, 1, 8, 1, 1, 1, 8, 1, 9, 1, 1, 1, 1, 8, 8, 1, 8, 1, 8, 8, 1, 1, 8, 1, 1, 8, 1, 8, 2, 1, 1, 1, 1, 1, 1, 1, 1, 8, 8, 8, 8, 1, 8, 1, 1, 1, 1, 1, 1, 1, 8, 1, 1, 8, 1, 1, 1, 8, 1, 8, 1, 1, 8, 1, 1, 8, 1, 1, 1]
Performance en généralisation : 0.11

Target class : 5 
Average nb of queries : 6.7
Accuracy : 1.0
Average norm : 15.77162353515625
Original class: [5, 5, 5, 5, 5, 5, 5, 5, 5, 5, 5, 5, 5, 5, 5, 5, 5, 5, 5, 5, 5, 5, 5, 5, 5, 5, 5, 5, 5, 5, 5, 5, 5, 5, 5, 5, 5, 5, 5, 5, 5, 5, 5, 5, 5, 5, 5, 5, 5, 5, 5, 5, 5, 5, 5, 5, 5, 5, 5, 5, 5, 5, 5, 5, 5, 5, 5, 5, 5, 5, 5, 5, 5, 5, 5, 5, 5, 5, 5, 5, 5, 5, 5, 5, 5, 5, 5, 5, 5, 5, 5, 5, 5, 5, 5, 5, 5, 5, 5, 5]
Predicted class : [8, 8, 8, 8, 8, 1, 0, 1, 8, 0, 1, 4, 3, 1, 3, 1, 1, 1, 8, 8, 0, 2, 3, 1, 1, 1, 1, 8, 3, 1, 1, 3, 1, 0, 3, 1, 1, 3, 8, 8, 8, 0, 8, 8, 8, 8, 8, 8, 8, 3, 3, 8, 8, 1, 0, 3, 8, 8, 8, 4, 8, 3, 0, 8, 4, 2, 8, 1, 8, 8, 8, 8, 8, 6, 8, 4, 2, 8, 8, 8, 0, 8, 8, 3, 8, 1, 8, 8, 8, 8, 1, 3, 2, 3, 8, 8, 2, 8, 8, 1]
Performance en généralisation : 0.18

Target class : 6 
Average nb of queries : 2.65
Accuracy : 1.0
Average norm : 15.599959716796874
Original class: [6, 6, 6, 6, 6, 6, 6, 6, 6, 6, 6, 6, 6, 6, 6, 6, 6, 6, 6, 6, 6, 6, 6, 6, 6, 6, 6, 6, 6, 6, 6, 6, 6, 6, 6, 6, 6, 6, 6, 6, 6, 6, 6, 6, 6, 6, 6, 6, 6, 6, 6, 6, 6, 6, 6, 6, 6, 6, 6, 6, 6, 6, 6, 6, 6, 6, 6, 6, 6, 6, 6, 6, 6, 6, 6, 6, 6, 6, 6, 6, 6, 6, 6, 6, 6, 6, 6, 6, 6, 6, 6, 6, 6, 6, 6, 6, 6, 6, 6, 6]
Predicted class : [1, 1, 8, 1, 1, 8, 8, 4, 4, 0, 8, 8, 8, 8, 8, 4, 8, 8, 0, 8, 8, 1, 8, 2, 2, 4, 8, 1, 8, 0, 4, 0, 0, 8, 4, 8, 8, 4, 0, 8, 0, 8, 9, 8, 8, 0, 0, 8, 2, 2, 0, 0, 2, 8, 0, 8, 8, 0, 8, 8, 0, 0, 8, 4, 0, 8, 8, 0, 8, 2, 2, 8, 2, 8, 4, 4, 2, 0, 8, 8, 8, 4, 8, 0, 8, 4, 2, 4, 1, 0, 8, 8, 8, 8, 0, 8, 8, 8, 2, 8]
Performance en généralisation : 0.47

Target class : 7 
Average nb of queries : 14.84
Accuracy : 1.0
Average norm : 17.980958251953126
Original class: [7, 7, 7, 7, 7, 7, 7, 7, 7, 7, 7, 7, 7, 7, 7, 7, 7, 7, 7, 7, 7, 7, 7, 7, 7, 7, 7, 7, 7, 7, 7, 7, 7, 7, 7, 7, 7, 7, 7, 7, 7, 7, 7, 7, 7, 7, 7, 7, 7, 7, 7, 7, 7, 7, 7, 7, 7, 7, 7, 7, 7, 7, 7, 7, 7, 7, 7, 7, 7, 7, 7, 7, 7, 7, 7, 7, 7, 7, 7, 7, 7, 7, 7, 7, 7, 7, 7, 7, 7, 7, 7, 7, 7, 7, 7, 7, 7, 7, 7, 7]
Predicted class : [1, 9, 9, 9, 9, 1, 1, 1, 1, 2, 1, 2, 1, 1, 1, 1, 1, 1, 1, 1, 2, 1, 1, 1, 1, 1, 1, 1, 8, 1, 1, 1, 1, 1, 1, 1, 1, 1, 1, 1, 1, 1, 1, 8, 1, 9, 2, 2, 1, 1, 1, 1, 1, 1, 2, 1, 1, 8, 1, 1, 1, 1, 2, 8, 1, 1, 1, 1, 1, 1, 1, 1, 8, 8, 8, 8, 1, 1, 1, 8, 1, 2, 1, 1, 2, 1, 1, 1, 1, 1, 1, 1, 1, 1, 1, 2, 8, 2, 8, 8]
Performance en généralisation : 0.17

Target class : 8 
Average nb of queries : 21.95
Accuracy : 1.0
Average norm : 19.76963623046875
Original class: [8, 8, 8, 8, 8, 8, 8, 8, 8, 8, 8, 8, 8, 8, 8, 8, 8, 8, 8, 8, 8, 8, 8, 8, 8, 8, 8, 8, 8, 8, 8, 8, 8, 8, 8, 8, 8, 8, 8, 8, 8, 8, 8, 8, 8, 8, 8, 8, 8, 8, 8, 8, 8, 8, 8, 8, 8, 8, 8, 8, 8, 8, 8, 8, 8, 8, 8, 8, 8, 8, 8, 8, 8, 8, 8, 8, 8, 8, 8, 8, 8, 8, 8, 8, 8, 8, 8, 8, 8, 8, 8, 8, 8, 8, 8, 8, 8, 8, 8, 8]
Predicted class : [1, 1, 1, 1, 1, 1, 1, 1, 1, 1, 1, 2, 1, 3, 1, 1, 1, 1, 1, 1, 1, 1, 1, 1, 1, 1, 1, 1, 1, 1, 1, 1, 1, 1, 1, 1, 1, 1, 1, 1, 1, 1, 1, 1, 1, 1, 1, 1, 1, 1, 1, 5, 1, 1, 1, 1, 1, 1, 1, 1, 1, 1, 1, 1, 1, 1, 1, 1, 1, 1, 1, 1, 1, 1, 1, 1, 1, 1, 1, 1, 1, 1, 1, 1, 1, 1, 1, 1, 1, 1, 1, 1, 1, 1, 1, 1, 1, 1, 1, 1]
Performance en généralisation : 0.18

Target class : 9 
Average nb of queries : 7.09
Accuracy : 1.0
Average norm : 15.5878564453125
Original class: [9, 9, 9, 9, 9, 9, 9, 9, 9, 9, 9, 9, 9, 9, 9, 9, 9, 9, 9, 9, 9, 9, 9, 9, 9, 9, 9, 9, 9, 9, 9, 9, 9, 9, 9, 9, 9, 9, 9, 9, 9, 9, 9, 9, 9, 9, 9, 9, 9, 9, 9, 9, 9, 9, 9, 9, 9, 9, 9, 9, 9, 9, 9, 9, 9, 9, 9, 9, 9, 9, 9, 9, 9, 9, 9, 9, 9, 9, 9, 9, 9, 9, 9, 9, 9, 9, 9, 9, 9, 9, 9, 9, 9, 9, 9, 9, 9, 9, 9, 9]
Predicted class : [8, 8, 8, 8, 8, 8, 8, 8, 1, 8, 8, 7, 7, 8, 8, 4, 1, 4, 4, 1, 8, 1, 1, 4, 1, 8, 8, 4, 4, 4, 7, 4, 8, 1, 3, 1, 1, 8, 1, 8, 8, 4, 1, 8, 4, 7, 4, 4, 1, 7, 8, 7, 8, 8, 5, 1, 4, 4, 8, 4, 4, 1, 8, 8, 7, 8, 1, 8, 8, 4, 1, 4, 8, 8, 4, 5, 1, 8, 4, 8, 8, 5, 8, 8, 8, 8, 8, 8, 8, 8, 8, 7, 8, 8, 7, 5, 4, 8, 4, 4]
Performance en généralisation : 0.05

