target class : 0 
Average nb of queries : 9.9
Accuracy : 1.0
Average norm : 8.637409057617187
Original class: [1, 5, 3, 5, 4, 9, 2, 1, 9, 2, 4, 1, 6, 9, 9, 8, 1, 1, 4, 4, 3, 9, 9, 5, 7, 8, 4, 6, 5, 1, 7, 9, 6, 4, 5, 9, 8, 1, 5, 3, 3, 1, 2, 6, 2, 4, 2, 8, 6, 8, 6, 2, 1, 2, 7, 5, 9, 2, 6, 5, 1, 3, 9, 7, 9, 4, 7, 1, 6, 7, 7, 9, 5, 4, 4, 1, 7, 3, 8, 7, 5, 3, 7, 8, 3, 2, 9, 1, 7, 2, 1, 2, 1, 3, 3, 5, 9, 9, 4, 1]
Predicted class : [0, 0, 0, 0, 9, 0, 0, 0, 7, 0, 1, 0, 0, 8, 8, 1, 8, 8, 1, 2, 0, 0, 8, 0, 0, 0, 0, 0, 0, 0, 0, 8, 0, 0, 0, 8, 0, 0, 8, 0, 0, 8, 0, 0, 0, 8, 0, 0, 0, 0, 0, 0, 8, 8, 0, 0, 8, 0, 0, 0, 8, 2, 8, 2, 8, 6, 0, 8, 0, 0, 0, 8, 9, 0, 8, 8, 0, 0, 0, 8, 8, 0, 0, 0, 0, 8, 8, 8, 2, 0, 8, 0, 8, 0, 0, 0, 8, 8, 8, 8]
Performance en généralisation : 0.12
Number of predictions equal to 0 : 58

target class : 1 
Average nb of queries : 10.85
Accuracy : 1.0
Average norm : 11.52130126953125
Original class: [6, 7, 9, 0, 8, 4, 7, 8, 3, 7, 3, 5, 5, 0, 8, 9, 9, 3, 0, 4, 7, 0, 9, 9, 3, 6, 7, 4, 0, 7, 2, 4, 0, 5, 4, 9, 3, 3, 3, 8, 3, 2, 0, 7, 9, 9, 0, 3, 3, 8, 3, 5, 8, 9, 8, 9, 8, 3, 7, 6, 6, 7, 7, 2, 8, 4, 9, 4, 4, 0, 0, 7, 7, 3, 0, 0, 8, 4, 8, 6, 0, 0, 7, 2, 6, 0, 0, 0, 3, 9, 0, 4, 8, 6, 4, 7, 3, 0, 4, 6]
Predicted class : [1, 1, 1, 1, 1, 1, 9, 1, 5, 3, 1, 3, 3, 2, 9, 5, 5, 1, 1, 9, 3, 1, 3, 5, 1, 1, 1, 1, 1, 3, 1, 9, 3, 3, 1, 1, 1, 1, 1, 1, 1, 1, 7, 1, 1, 7, 1, 1, 1, 1, 1, 3, 1, 1, 1, 5, 1, 1, 3, 5, 1, 2, 1, 1, 1, 9, 5, 2, 1, 1, 1, 2, 1, 1, 1, 1, 5, 1, 5, 5, 1, 1, 1, 1, 1, 1, 1, 1, 5, 5, 1, 9, 1, 1, 1, 1, 1, 1, 9, 1]
Performance en généralisation : 0.16
Number of predictions equal to 1 : 65

target class : 2 
Average nb of queries : 19.88
Accuracy : 1.0
Average norm : 6.094551391601563
Original class: [1, 0, 1, 4, 3, 5, 1, 1, 1, 1, 1, 0, 8, 5, 1, 1, 6, 0, 3, 0, 3, 8, 8, 7, 0, 1, 6, 1, 5, 5, 7, 0, 0, 9, 5, 3, 3, 5, 9, 8, 6, 5, 0, 1, 9, 1, 9, 6, 1, 6, 6, 0, 1, 9, 3, 9, 7, 3, 8, 4, 4, 9, 7, 0, 3, 4, 8, 4, 7, 3, 9, 0, 8, 1, 4, 4, 5, 3, 8, 4, 4, 0, 1, 6, 6, 8, 5, 3, 4, 6, 7, 5, 7, 9, 1, 5, 4, 8, 3, 8]
Predicted class : [2, 2, 2, 0, 2, 8, 2, 2, 2, 2, 2, 2, 2, 8, 2, 2, 2, 8, 2, 2, 2, 2, 2, 2, 2, 2, 0, 2, 8, 3, 2, 2, 2, 8, 8, 2, 2, 8, 8, 2, 2, 3, 2, 2, 8, 2, 8, 2, 2, 2, 2, 2, 2, 8, 2, 8, 2, 2, 2, 8, 2, 8, 2, 2, 2, 2, 2, 8, 2, 2, 8, 2, 2, 2, 1, 8, 8, 2, 2, 9, 8, 2, 2, 2, 8, 2, 8, 2, 8, 2, 2, 8, 8, 8, 2, 8, 9, 2, 2, 2]
Performance en généralisation : 0.05
Number of predictions equal to 2 : 67

target class : 3 
Average nb of queries : 5.48
Accuracy : 1.0
Average norm : 10.50183837890625
Original class: [1, 1, 0, 4, 9, 2, 8, 9, 5, 9, 0, 8, 5, 8, 4, 1, 4, 1, 6, 2, 7, 9, 1, 5, 1, 4, 7, 1, 0, 5, 2, 0, 1, 0, 1, 1, 1, 8, 6, 9, 0, 6, 5, 7, 7, 4, 0, 2, 6, 1, 0, 9, 2, 5, 2, 6, 1, 9, 8, 6, 6, 4, 0, 2, 4, 1, 7, 8, 9, 2, 6, 5, 7, 6, 0, 2, 0, 1, 5, 7, 2, 5, 7, 1, 5, 9, 7, 8, 8, 8, 8, 4, 0, 2, 7, 2, 4, 0, 4, 8]
Predicted class : [3, 2, 8, 3, 3, 3, 3, 3, 3, 3, 3, 3, 3, 3, 9, 3, 3, 2, 5, 3, 3, 8, 2, 3, 3, 9, 3, 3, 8, 3, 3, 2, 3, 3, 2, 3, 2, 3, 2, 3, 8, 5, 3, 3, 3, 9, 8, 3, 2, 3, 3, 3, 3, 3, 3, 3, 3, 8, 3, 8, 2, 9, 3, 3, 9, 3, 3, 3, 3, 3, 5, 3, 9, 2, 2, 3, 8, 3, 3, 9, 3, 3, 3, 3, 3, 3, 3, 3, 3, 3, 3, 3, 3, 3, 3, 3, 8, 5, 9, 3]
Performance en généralisation : 0.55
Number of predictions equal to 3 : 68

target class : 4 
Average nb of queries : 13.49
Accuracy : 1.0
Average norm : 9.720325927734375
Original class: [1, 1, 2, 9, 0, 6, 3, 3, 1, 1, 3, 3, 8, 3, 9, 2, 5, 9, 6, 3, 3, 5, 8, 2, 0, 2, 2, 1, 2, 0, 3, 6, 7, 0, 6, 3, 9, 7, 3, 7, 7, 6, 6, 3, 7, 0, 9, 7, 7, 7, 8, 0, 6, 9, 0, 3, 2, 7, 8, 0, 2, 2, 6, 5, 2, 3, 8, 1, 5, 7, 0, 6, 0, 8, 7, 9, 8, 0, 7, 6, 7, 5, 0, 0, 1, 2, 9, 8, 2, 0, 1, 7, 2, 1, 9, 8, 2, 0, 9, 8]
Predicted class : [4, 9, 8, 4, 2, 4, 2, 5, 8, 8, 5, 2, 4, 9, 8, 8, 8, 4, 4, 8, 2, 9, 4, 8, 4, 4, 4, 4, 8, 6, 8, 4, 4, 8, 8, 7, 4, 4, 8, 4, 4, 4, 4, 8, 4, 6, 4, 4, 4, 9, 4, 4, 4, 4, 8, 9, 8, 4, 4, 8, 8, 4, 4, 9, 8, 9, 4, 7, 9, 4, 8, 4, 9, 4, 4, 4, 4, 7, 4, 8, 5, 8, 8, 8, 4, 8, 4, 4, 4, 6, 4, 4, 8, 8, 4, 4, 8, 8, 4, 4]
Performance en généralisation : 0.1
Number of predictions equal to 4 : 49

target class : 5 
Average nb of queries : 21.23
Accuracy : 1.0
Average norm : 5.711380615234375
Original class: [1, 1, 3, 8, 6, 0, 9, 4, 2, 0, 8, 7, 8, 9, 7, 4, 2, 1, 0, 1, 6, 0, 1, 3, 7, 3, 7, 4, 9, 8, 1, 9, 7, 4, 4, 4, 2, 7, 2, 8, 8, 9, 1, 0, 2, 6, 4, 7, 4, 3, 6, 6, 7, 7, 1, 6, 3, 7, 4, 1, 9, 8, 8, 2, 0, 3, 0, 3, 2, 1, 4, 2, 7, 4, 2, 1, 4, 3, 8, 1, 9, 1, 0, 7, 9, 6, 3, 4, 1, 8, 3, 8, 7, 0, 9, 0, 8, 6, 2, 6]
Predicted class : [5, 5, 5, 5, 8, 5, 5, 9, 3, 5, 5, 9, 5, 8, 3, 8, 0, 3, 5, 5, 5, 5, 5, 5, 2, 5, 3, 9, 5, 5, 5, 5, 3, 1, 9, 6, 1, 2, 1, 5, 5, 8, 5, 5, 8, 5, 9, 8, 1, 5, 5, 5, 3, 3, 5, 5, 5, 3, 8, 5, 5, 5, 5, 1, 5, 5, 5, 5, 8, 8, 8, 0, 9, 9, 1, 8, 9, 5, 5, 5, 1, 5, 5, 3, 5, 5, 5, 9, 5, 5, 5, 5, 1, 8, 5, 8, 5, 5, 3, 5]
Performance en généralisation : 0.09
Number of predictions equal to 5 : 55

target class : 6 
Average nb of queries : 21.29
Accuracy : 1.0
Average norm : 6.05082275390625
Original class: [1, 7, 1, 3, 0, 4, 4, 3, 5, 5, 2, 1, 1, 7, 8, 1, 1, 4, 9, 4, 1, 4, 9, 2, 7, 9, 1, 3, 8, 4, 8, 1, 2, 2, 9, 0, 9, 1, 0, 7, 9, 3, 0, 1, 4, 5, 5, 4, 5, 3, 2, 1, 4, 9, 1, 9, 3, 2, 1, 1, 8, 1, 4, 0, 8, 3, 0, 8, 9, 1, 9, 0, 9, 4, 4, 3, 1, 3, 3, 9, 9, 9, 0, 2, 1, 4, 9, 2, 0, 0, 7, 0, 3, 0, 5, 3, 5, 2, 4, 2]
Predicted class : [6, 2, 6, 6, 6, 6, 6, 6, 6, 6, 6, 6, 6, 9, 6, 6, 2, 6, 8, 6, 6, 6, 8, 6, 2, 5, 2, 5, 6, 6, 6, 6, 6, 6, 4, 6, 8, 2, 6, 8, 8, 2, 6, 8, 6, 6, 6, 6, 6, 6, 6, 6, 6, 3, 6, 8, 8, 6, 6, 2, 6, 2, 6, 6, 6, 6, 6, 6, 4, 6, 8, 6, 4, 6, 6, 6, 2, 6, 6, 8, 8, 8, 6, 6, 6, 6, 8, 6, 6, 6, 3, 6, 8, 6, 6, 6, 0, 6, 6, 6]
Performance en généralisation : 0.03
Number of predictions equal to 6 : 68

target class : 7 
Average nb of queries : 9.75
Accuracy : 1.0
Average norm : 10.3315576171875
Original class: [1, 2, 8, 8, 5, 1, 6, 6, 8, 4, 1, 6, 5, 3, 6, 8, 0, 1, 2, 0, 1, 3, 8, 9, 1, 6, 9, 1, 0, 9, 3, 1, 0, 9, 0, 6, 8, 1, 5, 0, 2, 9, 1, 6, 6, 2, 3, 3, 1, 6, 1, 1, 0, 1, 0, 9, 4, 8, 6, 6, 6, 8, 3, 6, 4, 5, 5, 5, 8, 9, 1, 5, 1, 3, 2, 6, 3, 4, 0, 1, 2, 0, 8, 5, 0, 0, 6, 2, 4, 5, 6, 0, 5, 3, 5, 9, 2, 2, 1, 4]
Predicted class : [7, 7, 2, 7, 8, 7, 0, 4, 7, 7, 4, 0, 9, 9, 0, 7, 7, 7, 7, 7, 8, 9, 4, 7, 7, 5, 7, 7, 7, 7, 7, 7, 7, 7, 7, 3, 7, 7, 9, 9, 7, 7, 7, 1, 2, 7, 7, 7, 7, 2, 7, 7, 7, 7, 7, 7, 7, 7, 0, 0, 0, 7, 7, 0, 7, 9, 3, 3, 7, 7, 7, 3, 7, 7, 7, 0, 7, 7, 7, 7, 7, 7, 3, 3, 7, 7, 0, 7, 7, 3, 0, 7, 7, 7, 9, 7, 7, 7, 7, 7]
Performance en généralisation : 0.23
Number of predictions equal to 7 : 66

target class : 8 
Average nb of queries : 20.69
Accuracy : 1.0
Average norm : 6.329609375
Original class: [1, 6, 9, 3, 3, 3, 6, 5, 3, 1, 4, 6, 7, 1, 0, 2, 4, 7, 5, 5, 2, 6, 5, 1, 5, 9, 5, 5, 4, 0, 9, 7, 2, 7, 7, 5, 1, 9, 2, 1, 4, 2, 7, 7, 3, 9, 6, 0, 9, 7, 6, 5, 2, 1, 5, 5, 6, 7, 2, 2, 6, 2, 3, 4, 9, 6, 1, 3, 4, 0, 1, 1, 3, 6, 4, 0, 1, 0, 3, 4, 0, 2, 0, 4, 5, 9, 9, 2, 5, 3, 2, 2, 2, 7, 3, 2, 5, 0, 4, 6]
Predicted class : [8, 8, 8, 8, 8, 8, 8, 8, 8, 8, 8, 8, 2, 8, 8, 8, 8, 2, 8, 8, 8, 8, 8, 2, 8, 8, 8, 8, 8, 8, 8, 8, 8, 8, 2, 8, 8, 8, 8, 8, 9, 8, 8, 8, 8, 8, 8, 8, 8, 2, 8, 8, 8, 8, 8, 8, 8, 2, 8, 8, 8, 8, 8, 8, 8, 8, 8, 8, 8, 8, 8, 8, 8, 8, 8, 8, 8, 8, 8, 8, 8, 8, 8, 8, 3, 8, 8, 8, 8, 8, 8, 8, 8, 2, 8, 8, 8, 8, 8, 8]
Performance en généralisation : 0.09
Number of predictions equal to 8 : 91

target class : 9 
Average nb of queries : 13.5
Accuracy : 0.99
Average norm : 11.492854571101642
Original class: [1, 3, 6, 5, 0, 7, 4, 2, 1, 8, 1, 1, 2, 3, 5, 7, 5, 6, 3, 8, 1, 1, 5, 8, 1, 2, 8, 0, 8, 3, 1, 2, 1, 0, 0, 5, 4, 2, 7, 3, 5, 2, 1, 3, 6, 5, 3, 3, 1, 3, 4, 3, 1, 3, 1, 7, 1, 6, 3, 1, 7, 2, 6, 0, 0, 2, 6, 1, 3, 0, 8, 7, 8, 4, 5, 6, 1, 5, 0, 8, 4, 0, 3, 0, 7, 6, 4, 3, 5, 7, 6, 2, 2, 3, 5, 1, 8, 4, 6, 6]
Predicted class : [9, 9, 8, 9, 9, 3, 7, 8, 8, 9, 8, 8, 7, 9, 9, 4, 3, 0, 9, 0, 4, 7, 9, 4, 7, 1, 4, 7, 4, 7, 7, 8, 7, 9, 3, 9, 4, 7, 9, 4, 9, 8, 4, 9, 4, 9, 7, 9, 7, 9, 9, 9, 4, 5, 4, 9, 4, 4, 9, 4, 9, 8, 8, 9, 5, 1, 4, 4, 9, 9, 4, 9, 9, 9, 9, 4, 4, 9, 6, 9, 9, 5, 9, 6, 9, 4, 9, 1, 9, 9, 4, 1, 3, 7, 8, 4, 9, 9, 4, 4]
Performance en généralisation : 0.05
Number of predictions equal to 9 : 39

